C = 
   0.00372443
  -0.00590230
  -0.00052116
  -0.00152792
   1.20745815
   1.16878830
  -0.07840444
   0.34992511
   0.05947000
  -0.42851982
   0.02938754
  -0.08367335
   0.02690035
  -0.37020758
  -0.36177775
   0.01771381
   0.09418959
  -0.06361229
  -0.02584864
  -0.07325627
The solve is 
   11.0410757    3.0063248  -11.1890606
   11.1773576    2.4440515  -11.2971200
   11.2854028    1.8770865  -11.3766662
   11.3650119    1.3068586  -11.4277463
   11.4160580    0.7347871  -11.4501887
   11.4384844    0.1623040  -11.4441359
   11.4323054   -0.4091550  -11.4099300
   11.3976073   -0.9781791  -11.3476379
   11.3345455   -1.5433314  -11.2581013
   11.2433522   -2.1033340  -11.1391867
   11.1243233   -2.6568124  -10.9911883
   10.9778160   -3.2022638  -10.8174794
   10.8042521   -3.7381148  -10.6238082
   10.6041545   -4.2636051  -10.3985640
   10.3780917   -4.7775868  -10.1391580
   10.1266496   -5.2778826   -9.8673279
    9.8505378   -5.7637725   -9.5725385
    9.5505268   -6.2346337   -9.2415957
    9.2273757   -6.6881203   -8.9064777
    8.8819905   -7.1243317   -8.5357727
    8.5152695   -7.5417317   -8.1440547
    8.1281668   -7.9389561   -7.7430229
    7.7217164   -8.3156082   -7.3175269
    7.2969710   -8.6705355   -6.8764373
    6.8550373   -9.0029529   -6.4196725
    6.3970622   -9.3121801   -5.9442558
    5.9242237   -9.5973167   -5.4587766
    5.4377425   -9.8578825   -4.9573362
    4.9388619  -10.0930997   -4.4490914
    4.4288606  -10.3025599   -3.9305838
    3.9090408  -10.4859035   -3.3981252
    3.3807197  -10.6425182   -2.8633364
    2.8452387  -10.7721647   -2.3237570
    2.3039539  -10.8746734   -1.7761250
    1.7582288  -10.9497622   -1.2265885
    1.2094368  -10.9973287   -0.6756781
    0.6589555  -11.0173315   -0.1242722
    0.1081631  -11.0097863    0.4261166
   -0.4415651  -10.9747762    0.9738718
   -0.9888593  -10.9124661    1.5181945
   -1.5323597  -10.8230780    2.0576711
   -2.0707197  -10.7068563    2.5881105
   -2.6026076  -10.5642131    3.1116294
   -3.1267112  -10.3956071    3.6293380
   -3.6417429  -10.2014442    4.1349558
   -4.1464394   -9.9822922    4.6284900
   -4.6395668   -9.7387501    5.1081343
   -5.1199228   -9.4714907    5.5730641
   -5.5863382   -9.1813617    6.0298192
   -6.0376855   -8.8689987    6.4681631
   -6.4728762   -8.5351902    6.8842507
   -6.8908624   -8.1809238    7.2834875
   -7.2906432   -7.8071326    7.6648552
   -7.6712653   -7.4148254    8.0290628
   -8.0318280   -7.0048920    8.3674485
   -8.3714802   -6.5784273    8.6813055
   -8.6894219   -6.1367243    8.9803430
   -8.9849159   -5.6807510    9.2543774
   -9.2572791   -5.2116958    9.5038725
   -9.5058871   -4.7308020    9.7305028
   -9.7301790   -4.2392024    9.9292768
   -9.9296536   -3.7381661   10.1012088
  -10.1038651   -3.2292913   10.2601816
  -10.2524551   -2.7131808   10.3762722
  -10.3750987   -2.1917746   10.4769185
  -10.4715570   -1.6661270   10.5509080
  -10.5416555   -1.1373989   10.5927306
  -10.5852733   -0.6071784   10.6125823
  -10.6023669   -0.0766365   10.6050703
  -10.5929543    0.4528981   10.5711203
  -10.5571178    0.9800924   10.5115355
  -10.4950050    1.5036100   10.4278421
  -10.4068375    2.0224069   10.3136810
  -10.2928733    2.5347182   10.1825949
  -10.1534771    3.0399302   10.0187711
   -9.9890330    3.5363861    9.8333641
   -9.7999998    4.0228051    9.6285485
   -9.5869226    4.4985374    9.3928770
   -9.3503576    4.9619018    9.1388195
   -9.0909482    5.4119298    8.8636756
   -8.8093961    5.8477429    8.5637735
   -8.5064350    6.2680424    8.2449428
   -8.1828639    6.6718614    7.9069220
   -7.8395246    7.0581286    7.5525038
   -7.4773200    7.4260667    7.1792658
   -7.0972134    7.7752428    6.7787116
   -6.7001688    8.1044306    6.3596192
   -6.2871700    8.4119949    5.9402722
   -5.8593251    8.6981174    5.5028029
   -5.4177325    8.9621054    5.0484020
   -4.9635056    9.2029408    4.5865380
   -4.4978257    9.4204783    4.1091848
   -4.0218646    9.6138415    3.6258946
   -3.5368442    9.7828086    3.1328651
   -3.0439996    9.9270548    2.6301365
   -2.5445652   10.0459004    2.1278744
   -2.0398259   10.1395996    1.6151416
   -1.5310402   10.2075789    1.1031181
   -1.0194964   10.2498856    0.5890581
   -0.5064815   10.2665031    0.0735299
    0.0067218   10.2573469   -0.4394529
    0.5188263   10.2225882   -0.9508625
    1.0285551   10.1623426   -1.4585229
    1.5346395   10.0768138   -1.9608806
    2.0358209    9.9663288   -2.4580944
    2.5308609    9.8311432   -2.9466289
    3.0185335    9.6717398   -3.4275963
    3.4976374    9.4885694   -3.8995917
    3.9670014    9.2819929   -4.3571592
    4.4254622    9.0529462   -4.8091101
    4.8719192    8.8015446   -5.2403988
    5.3052667    8.5289649   -5.6633117
    5.7244651    8.2356292   -6.0685969
    6.1284983    7.9223781   -6.4568277
    6.5163858    7.5902201   -6.8316950
    6.8872111    7.2396698   -7.1833703
    7.2400699    6.8720769   -7.5216166
    7.5741399    6.4880038   -7.8363973
    7.8886202    6.0886649   -8.1321214
    8.1827666    5.6751713   -8.4099660
    8.4559096    5.2481915   -8.6611068
    8.7073936    4.8092280   -8.8935816
    8.9366423    4.3593230   -9.1054735
    9.1431522    3.8992400   -9.2894334
    9.3264335    3.4305464   -9.4527258
    9.4860760    2.9544303   -9.5952667
    9.6217553    2.4716659   -9.7099444
    9.7331664    1.9836828   -9.8005952
    9.8200644    1.4918925   -9.8702534
    9.8822927    0.9972975   -9.9156828
    9.9197585    0.5008685   -9.9332794
    9.9323901    0.0041379   -9.9277866
    9.9201915   -0.4915825   -9.9005895
    9.8832471   -0.9852546   -9.8492001
    9.8217050   -1.4758883   -9.7704713
    9.7357414   -1.9620342   -9.6679869
    9.6256042   -2.4424110   -9.5430808
    9.4916092   -2.9158617   -9.3953372
    9.3341382   -3.3813386   -9.2228533
    9.1536112   -3.8374515   -9.0299216
    8.9505321   -4.2833114   -8.8115412
    8.7254595   -4.7179880   -8.5643824
    8.4789795   -5.1400583   -8.2950788
    8.2117206   -5.5478675   -8.0156177
    7.9244297   -5.9410916   -7.7130737
    7.6178745   -6.3188764   -7.3851422
    7.2928332   -6.6795719   -7.0486768
    6.9501930   -7.0230248   -6.6869994
    6.5908463   -7.3482242   -6.3051821
    6.2157106   -7.6537975   -5.9195500
    5.8257927   -7.9397792   -5.5106523
    5.4220849   -8.2048917   -5.0967582
    5.0056512   -8.4490682   -4.6621654
    4.5775490   -8.6711687   -4.2265552
    4.1388984   -8.8713051   -3.7702976
    3.6908089   -9.0484604   -3.3145079
    3.2344370   -9.2026069   -2.8476170
    2.7709425   -9.3332537   -2.3769163
    2.3015063   -9.4401980   -1.9012869
    1.8273204   -9.5232855   -1.4196698
    1.3495814   -9.5822370   -0.9389069
    0.8694978   -9.6170973   -0.4547215
    0.3882758   -9.6277630    0.0282545
   -0.0928761   -9.6142995    0.5100809
   -0.5727534   -9.5768020    0.9895136
   -1.0501582   -9.5154165    1.4648886
   -1.5239015   -9.4303515    1.9346847
   -1.9928049   -9.3219765    2.4025097
   -2.4557104   -9.1904343    2.8579285
   -2.9114717   -9.0362562    3.3069319
   -3.3589663   -8.8598545    3.7469388
   -3.7970948   -8.6617403    4.1776136
   -4.2247850   -8.4423970    4.5945981
   -4.6409926   -8.2024279    4.9970663
   -5.0447002   -7.9426826    5.3939629
   -5.4349333   -7.6636133    5.7721405
   -5.8107483   -7.3659693    6.1310876
   -6.1712372   -7.0506743    6.4766566
   -6.5155357   -6.7185252    6.8064129
   -6.8428217   -6.3703835    7.1192172
   -7.1523196   -6.0070346    7.4089552
   -7.4432934   -5.6296127    7.6837907
   -7.7150598   -5.2390429    7.9407016
   -7.9669897   -4.8360882    8.1693204
   -8.1984884   -4.4222215    8.3873954
   -8.4090344   -3.9980613    8.5768729
   -8.5981443   -3.5648789    8.7454837
   -8.7653908   -3.1238498    8.8956572
   -8.9104111   -2.6758401    9.0185771
   -9.0328826   -2.2222611    9.1240452
   -9.1325574   -1.7639293    9.2016138
   -9.2092218   -1.3023652    9.2631166
   -9.2627487   -0.8382094    9.2937334
   -9.2930302   -0.3731795    9.3097226
   -9.3000566    0.0921221    9.2967454
   -9.2838413    0.5562294    9.2634783
   -9.2444680    1.0180308    9.2096899
   -9.1820881    1.4766840    9.1292952
   -9.0968787    1.9306994    9.0310626
   -8.9891032    2.3792771    8.9092105
   -8.8590626    2.8212867    8.7653167
   -8.7071050    3.2555110    8.6027624
   -8.5336495    3.6810945    8.4186578
   -8.3391559    4.0970144    8.2136246
   -8.1241296    4.5021807    7.9897291
   -7.8891310    4.8956403    7.7471201
   -7.6347693    5.2764772    7.4857586
   -7.3616935    5.6436836    7.2074957
   -7.0706206    5.9966133    6.9089984
   -6.7622944    6.3343981    6.5908403
   -6.4374793    6.6558661    6.2587754
   -6.0969961    6.9601015    5.9152282
   -5.7417449    7.2468337    5.5531976
   -5.3726287    7.5153128    5.1738402
   -4.9905541    7.7643295    4.7863551
   -4.5965116    7.9935177    4.3874844
   -4.1915295    8.2026874    3.9717423
   -3.7766154    8.3909218    3.5466811
   -3.3528066    8.5574234    3.1190830
   -2.9212192    8.7024087    2.6793478
   -2.4829447    8.8254278    2.2304534
   -2.0390686    8.9256977    1.7825755
   -1.5907441    9.0034724    1.3283489
   -1.1391053    9.0585643    0.8695142
   -0.6852788    9.0905815    0.4129157
   -0.2304257    9.0997855   -0.0458748
    0.2243147    9.0860787   -0.5032147
    0.6778003    9.0495369   -0.9576829
    1.1288909    8.9903645   -1.4092482
    1.5764620    8.9086994   -1.8554169
    2.0193921    8.8048960   -2.2969447
    2.4565855    8.6791500   -2.7302578
    2.8869523    8.5319300   -3.1562537
    3.3094258    8.3636979   -3.5746487
    3.7229751    8.1747065   -3.9799446
    4.1265695    7.9657384   -4.3762954
    4.5192198    7.7373507   -4.7624119
    4.8999828    7.4898531   -5.1313719
    5.2679116    7.2242563   -5.4889492
    5.6221122    6.9412746   -5.8344209
    5.9617487    6.6412758   -6.1600630
    6.2859837    6.3253665   -6.4709672
    6.5940318    5.9944681   -6.7681095
    6.8851787    5.6490705   -7.0447186
    7.1587220    5.2902028   -7.3027023
    7.4139973    4.9190049   -7.5449824
    7.6504160    4.5362171   -7.7680681
    7.8674373    4.1426086   -7.9688624
    8.0645321    3.7394618   -8.1512331
    8.2412386    3.3278285   -8.3155134
    8.3971691    2.9084826   -8.4583379
    8.5319767    2.4823575   -8.5784901
    8.6453330    2.0507526   -8.6790117
    8.7369790    1.6147726   -8.7604546
    8.8067284    1.1753110   -8.8209337
    8.8544551    0.7331917   -8.8577744
    8.8800443    0.2896808   -8.8733136
    8.8834384   -0.1540050   -8.8692051
    8.8646489   -0.5968111   -8.8452188
    8.8237565   -1.0378415   -8.7992846
    8.7608911   -1.4761446   -8.7299307
    8.6762060   -1.9104398   -8.6392285
    8.5699289   -2.3396641   -8.5267070
    8.4423417   -2.7627397   -8.3921810
    8.2937788   -3.1785654   -8.2358505
    8.1246265   -3.5859975   -8.0586292
    7.9353217   -3.9838448   -7.8626634
    7.7263871   -4.3714375   -7.6420044
    7.4983751   -4.7477816   -7.3965059
    7.2518557   -5.1113708   -7.1350022
    6.9874744   -5.4611360   -6.8605392
    6.7059657   -5.7968109   -6.5622441
    6.4080605   -6.1173175   -6.2449061
    6.0945149   -6.4212564   -5.9215434
    5.7661915   -6.7086696   -5.5759591
    5.4239497   -6.9788237   -5.2095072
    5.0686461   -7.2301667   -4.8441370
    4.7012422   -7.4629287   -4.4613511
    4.3226809   -7.6762506   -4.0701695
    3.9339471   -7.8697528   -3.6685263
    3.5360448   -8.0429902   -3.2578506
    3.1299942   -8.1954536   -2.8429261
    2.7168471   -8.3271052   -2.4159588
    2.2976480   -8.4372727   -1.9906751
    1.8734760   -8.5260395   -1.5585587
    1.4454066   -8.5931331   -1.1242578
    1.0145257   -8.6384487   -0.6888450
    0.5819248   -8.6619883   -0.2513310
    0.1486925   -8.6636616    0.1837683
   -0.2840795   -8.6436064    0.6184716
   -0.7153065   -8.6018896    1.0500845
   -1.1439099   -8.5386741    1.4775270
   -1.5688200   -8.4541913    1.9003700
   -1.9889793   -8.3487180    2.3179750
   -2.4033472   -8.2224982    2.7261833
   -2.8108936   -8.0761031    3.1324338
   -3.2106211   -7.9096008    3.5210775
   -3.6015352   -7.7239288    3.9108880
   -3.9826883   -7.5191245    4.2809832
   -4.3531421   -7.2960045    4.6412823
   -4.7119937   -7.0551668    4.9907128
   -5.0583723   -6.7972083    5.3264570
   -5.3914405   -6.5227658    5.6458399
   -5.7103899   -6.2327619    5.9560181
   -6.0144635   -5.9275911    6.2419366
   -6.3029198   -5.6085856    6.5236880
   -6.5750891   -5.2759207    6.7758900
   -6.8303106   -4.9310498    7.0203240
   -7.0679934   -4.5744654    7.2419721
   -7.2875782   -4.2071978    7.4449355
   -7.4885513   -3.8302750    7.6318625
   -7.6704558   -3.4444479    7.7958110
   -7.8328683   -3.0509406    7.9444905
   -7.9754327   -2.6504363    8.0684818
   -8.0978196   -2.2442876    8.1778252
   -8.1997758   -1.8331426    8.2624452
   -8.2810761   -1.4182431    8.3282529
   -8.3415518   -1.0006968    8.3773857
   -8.3811074   -0.5810738    8.3990219
   -8.3996549   -0.1609505    8.4061233
   -8.3971977    0.2590049    8.3911026
   -8.3737745    0.6777912    8.3540501
   -8.3294596    1.0941398    8.3004205
   -8.2644065    1.5073488    8.2250035
   -8.1787980    1.9163551    8.1296919
   -8.0728609    2.3200513    8.0171250
   -7.9468879    2.7176368    7.8852127
   -7.8012133    3.1082320    7.7335482
   -7.6362045    3.4907814    7.5645265
   -7.4522827    3.8643775    7.3785783
   -7.2499214    4.2282361    7.1747268
   -7.0296238    4.5814146    6.9543346
   -6.7919493    4.9231308    6.7170050
   -6.5375019    5.2526684    6.4616893
   -6.2669138    5.5691812    6.1892471
   -5.9808450    5.8716928    5.9024458
   -5.6799937    6.1592355    5.6042803
   -5.3651428    6.4314384    5.2906010
   -5.0371006    6.6878320    4.9589208
   -4.6966740    6.9275326    4.6124965
   -4.3446764    7.1493507    4.2590486
   -3.9820197    7.3529781    3.8957984
   -3.6096586    7.5383492    3.5171552
   -3.2285268    7.7048387    3.1257828
   -2.8395445    7.8513683    2.7313054
   -2.4437195    7.9778007    2.3315419
   -2.0420883    8.0842169    1.9218471
   -1.6356582    8.1701533    1.5062169
   -1.2254374    8.2350414    1.0911553
   -0.8124945    8.2791103    0.6724018
   -0.3978790    8.3023007    0.2507639
    0.0173752    8.3043391   -0.1687456
    0.4322071    8.2854167   -0.5873525
    0.8455676    8.2456580   -1.0044134
    1.2564237    8.1850883   -1.4168680
    1.6637361    8.1040170   -1.8253063
    2.0664858    8.0026746   -2.2282642
    2.4636712    7.8812964   -2.6235643
    2.8542930    7.7403774   -3.0123888
    3.2373843    7.5802669   -3.3928796
    3.6120056    7.4012773   -3.7619315
    3.9772171    7.2041112   -4.1218123
    4.3321181    6.9893289   -4.4719526
    4.6758545    6.7572671   -4.8078454
    5.0075779    6.5086531   -5.1303360
    5.3264640    6.2443443   -5.4414664
    5.6317467    5.9649150   -5.7388503
    5.9227056    5.6708470   -6.0185204
    6.1986187    5.3631453   -6.2832185
    6.4588112    5.0427203   -6.5338734
    6.7026717    4.7102399   -6.7681872
    6.9296379    4.3663179   -6.9831060
    7.1391490    4.0120397   -7.1809684
    7.3306944    3.6484054   -7.3627109
    7.5038288    3.2762321   -7.5272566
    7.6581687    2.8961891   -7.6719294
    7.7933467    2.5092538   -7.7973105
    7.9090228    2.1165437   -7.9051026
    8.0049209    1.7190298   -7.9955424
    8.0808299    1.3175425   -8.0675304
    8.1365990    0.9128054   -8.1189445
    8.1720900    0.5058405   -8.1504145
    8.1871973    0.0977891   -8.1636318
    8.1818784   -0.3103257   -8.1590450
    8.1561535   -0.7175932   -8.1359000
    8.1101054   -1.1232154   -8.0922402
    8.0438507   -1.5262368   -8.0276017
    7.9575302   -1.9254756   -7.9432859
    7.8513644   -2.3200086   -7.8378227
    7.7256196   -2.7088392   -7.7106598
    7.5806077   -3.0908932   -7.5622053
    7.4166864   -3.4650188   -7.3938275
    7.2342592   -3.8299705   -7.2086367
    7.0338180   -4.1850075   -7.0033843
    6.8159109   -4.5295401   -6.7725126
    6.5810935   -4.8624110   -6.5196846
    6.3299358   -5.1819959   -6.2564487
    6.0631244   -5.4877951   -5.9785319
    5.7813886   -5.7794285   -5.6795066
    5.4854506   -6.0557696   -5.3668355
    5.1760872   -6.3160636   -5.0425642
y =

 Columns 1 through 6:

   11.041076   11.191392   11.313736   11.407801   11.473352   11.510226

 Columns 7 through 12:

   11.518331   11.497646   11.448222   11.370185   11.263727   11.129116

 Columns 13 through 18:

   10.966688   10.776849   10.560074   10.316904   10.047947    9.753875

 Columns 19 through 24:

    9.435424    9.093389    8.728625    8.342044    7.934613    7.507349

 Columns 25 through 30:

    7.061321    6.597643    6.117474    5.622015    5.112504    4.590214

 Columns 31 through 36:

    4.056451    3.512549    2.959868    2.399788    1.833710    1.263049

 Columns 37 through 42:

    0.689231    0.113690   -0.462135   -1.036805   -1.608883   -2.176940

 Columns 43 through 48:

   -2.739556   -3.295325   -3.842856   -4.380783   -4.907760   -5.422470

 Columns 49 through 54:

   -5.923627   -6.409978   -6.880307   -7.333439   -7.768241   -8.183627

 Columns 55 through 60:

   -8.578558   -8.952047   -9.303160   -9.631021   -9.934809  -10.213765

 Columns 61 through 66:

  -10.467192  -10.694456  -10.894990  -11.068292  -11.213929  -11.331537

 Columns 67 through 72:

  -11.420822  -11.481562  -11.513603  -11.516866  -11.491343  -11.437097

 Columns 73 through 78:

  -11.354265  -11.243053  -11.103740  -10.936672  -10.742269  -10.521016

 Columns 79 through 84:

  -10.273465  -10.000237   -9.702012   -9.379538   -9.033620   -8.665123

 Columns 85 through 90:

   -8.274967   -7.864128   -7.433633   -6.984558   -6.518025   -6.035201

 Columns 91 through 96:

   -5.537291   -5.025541   -4.501230   -3.965668   -3.420194   -2.866172

 Columns 97 through 102:

   -2.304985   -1.738037   -1.166745   -0.592537   -0.016848    0.558884

 Columns 103 through 108:

    1.133218    1.704720    2.271961    2.833524    3.388004    3.934016

 Columns 109 through 114:

    4.470195    4.995200    5.507721    6.006474    6.490215    6.957734

 Columns 115 through 120:

    7.407862    7.839474    8.251491    8.642885    9.012675    9.359938

 Columns 121 through 126:

    9.683807    9.983471   10.258181   10.507252   10.730059   10.926047

 Columns 127 through 132:

   11.094726   11.235674   11.348538   11.433037   11.488959   11.516165

 Columns 133 through 138:

   11.514587   11.484228   11.425164   11.337543   11.221585   11.077578

 Columns 139 through 144:

   10.905883   10.706930   10.481214   10.229301    9.951820    9.649464

 Columns 145 through 150:

    9.322990    8.973213    8.601008    8.207305    7.793088    7.359392

 Columns 151 through 156:

    6.907302    6.437947    5.952500    5.452175    4.938223    4.411928

 Columns 157 through 162:

    3.874605    3.327598    2.772273    2.210019    1.642241    1.070359

 Columns 163 through 168:

    0.495801   -0.079996   -0.655593   -1.229552   -1.800437   -2.366822

 Columns 169 through 174:

   -2.927291   -3.480444   -4.024897   -4.559290   -5.082287   -5.592582

 Columns 175 through 180:

   -6.088897   -6.569994   -7.034669   -7.481761   -7.910152   -8.318773

 Columns 181 through 186:

   -8.706600   -9.072666   -9.416055   -9.735908  -10.031427  -10.301873

 Columns 187 through 192:

  -10.546569  -10.764904  -10.956332  -11.120376  -11.256624  -11.364737

 Columns 193 through 198:

  -11.444443  -11.495545  -11.517914  -11.511493  -11.476301  -11.412423

 Columns 199 through 204:

  -11.320020  -11.199323  -11.050634  -10.874324  -10.670833  -10.440671

 Columns 205 through 210:

  -10.184413   -9.902699   -9.596234   -9.265783   -8.912172   -8.536286

 Columns 211 through 216:

   -8.139063   -7.721497   -7.284631   -6.829557   -6.357413   -5.869379

 Columns 217 through 222:

   -5.366674   -4.850556   -4.322314   -3.783268   -3.234766   -2.678178

 Columns 223 through 228:

   -2.114897   -1.546329   -0.973897   -0.399030    0.176834    0.752256

 Columns 229 through 234:

    1.325798    1.896026    2.461515    3.020852    3.572638    4.115494

 Columns 235 through 240:

    4.648064    5.169015    5.677047    6.170890    6.649308    7.111107

 Columns 241 through 246:

    7.555131    7.980272    8.385466    8.769701    9.132016    9.471506

 Columns 247 through 252:

    9.787322   10.078674   10.344836   10.585140   10.798988   10.985843

 Columns 253 through 258:

   11.145240   11.276779   11.380132   11.455041   11.501318   11.518848

 Columns 259 through 264:

   11.507587   11.467562   11.398875   11.301697   11.176270   11.022908

 Columns 265 through 270:

   10.841995   10.633983   10.399391   10.138806    9.852879    9.542325

 Columns 271 through 276:

    9.207921    8.850501    8.470960    8.070245    7.649360    7.209355

 Columns 277 through 282:

    6.751330    6.276430    5.785843    5.280794    4.762546    4.232394

 Columns 283 through 288:

    3.691663    3.141705    2.583894    2.019625    1.450308    0.877366

 Columns 289 through 294:

    0.302231   -0.273660   -0.848866   -1.421951   -1.991482   -2.556035

 Columns 295 through 300:

   -3.114199   -3.664579   -4.205800   -4.736508   -5.255378   -5.761112

 Columns 301 through 306:

   -6.252446   -6.728153   -7.187042   -7.627968   -8.049827   -8.451566

 Columns 307 through 312:

   -8.832181   -9.190720   -9.526287   -9.838043  -10.125209  -10.387068

 Columns 313 through 318:

  -10.622964  -10.832308  -11.014577  -11.169316  -11.296137  -11.394723

 Columns 319 through 324:

  -11.464829  -11.506278  -11.518968  -11.502866  -11.458014  -11.384522

 Columns 325 through 330:

  -11.282575  -11.152427  -10.994404  -10.808900  -10.596381  -10.357375

 Columns 331 through 336:

  -10.092482   -9.802362   -9.487742   -9.149408   -8.788204   -8.405035

 Columns 337 through 342:

   -8.000857   -7.576682   -7.133569   -6.672625   -6.195004   -5.701898

 Columns 343 through 348:

   -5.194540   -4.674199   -4.142175   -3.599797   -3.048422   -2.489428

 Columns 349 through 354:

   -1.924211   -1.354184   -0.780773   -0.205410    0.370466    0.945416

 Columns 355 through 360:

    1.518003    2.086796    2.650373    3.207326    3.756261    4.295809

 Columns 361 through 366:

    4.824618    5.341369    5.844769    6.333561    6.806521    7.262469

 Columns 367 through 372:

    7.700265    8.118814    8.517070    8.894037    9.248775    9.580395

 Columns 373 through 378:

    9.888069   10.171029   10.428566   10.660036   10.864863   11.042533

 Columns 379 through 384:

   11.192602   11.314696   11.408509   11.473806   11.510425   11.518274

 Columns 385 through 390:

   11.497333   11.447655   11.369364   11.262655   11.127795   10.965122

 Columns 391 through 396:

   10.775042   10.558029   10.314627   10.045444    9.751153    9.432488

 Columns 397 through 401:

    9.090248    8.725286    8.338516    7.930904    7.503469

x =

 Columns 1 through 7:

    0.00000    0.05000    0.10000    0.15000    0.20000    0.25000    0.30000

 Columns 8 through 14:

    0.35000    0.40000    0.45000    0.50000    0.55000    0.60000    0.65000

 Columns 15 through 21:

    0.70000    0.75000    0.80000    0.85000    0.90000    0.95000    1.00000

 Columns 22 through 28:

    1.05000    1.10000    1.15000    1.20000    1.25000    1.30000    1.35000

 Columns 29 through 35:

    1.40000    1.45000    1.50000    1.55000    1.60000    1.65000    1.70000

 Columns 36 through 42:

    1.75000    1.80000    1.85000    1.90000    1.95000    2.00000    2.05000

 Columns 43 through 49:

    2.10000    2.15000    2.20000    2.25000    2.30000    2.35000    2.40000

 Columns 50 through 56:

    2.45000    2.50000    2.55000    2.60000    2.65000    2.70000    2.75000

 Columns 57 through 63:

    2.80000    2.85000    2.90000    2.95000    3.00000    3.05000    3.10000

 Columns 64 through 70:

    3.15000    3.20000    3.25000    3.30000    3.35000    3.40000    3.45000

 Columns 71 through 77:

    3.50000    3.55000    3.60000    3.65000    3.70000    3.75000    3.80000

 Columns 78 through 84:

    3.85000    3.90000    3.95000    4.00000    4.05000    4.10000    4.15000

 Columns 85 through 91:

    4.20000    4.25000    4.30000    4.35000    4.40000    4.45000    4.50000

 Columns 92 through 98:

    4.55000    4.60000    4.65000    4.70000    4.75000    4.80000    4.85000

 Columns 99 through 105:

    4.90000    4.95000    5.00000    5.05000    5.10000    5.15000    5.20000

 Columns 106 through 112:

    5.25000    5.30000    5.35000    5.40000    5.45000    5.50000    5.55000

 Columns 113 through 119:

    5.60000    5.65000    5.70000    5.75000    5.80000    5.85000    5.90000

 Columns 120 through 126:

    5.95000    6.00000    6.05000    6.10000    6.15000    6.20000    6.25000

 Columns 127 through 133:

    6.30000    6.35000    6.40000    6.45000    6.50000    6.55000    6.60000

 Columns 134 through 140:

    6.65000    6.70000    6.75000    6.80000    6.85000    6.90000    6.95000

 Columns 141 through 147:

    7.00000    7.05000    7.10000    7.15000    7.20000    7.25000    7.30000

 Columns 148 through 154:

    7.35000    7.40000    7.45000    7.50000    7.55000    7.60000    7.65000

 Columns 155 through 161:

    7.70000    7.75000    7.80000    7.85000    7.90000    7.95000    8.00000

 Columns 162 through 168:

    8.05000    8.10000    8.15000    8.20000    8.25000    8.30000    8.35000

 Columns 169 through 175:

    8.40000    8.45000    8.50000    8.55000    8.60000    8.65000    8.70000

 Columns 176 through 182:

    8.75000    8.80000    8.85000    8.90000    8.95000    9.00000    9.05000

 Columns 183 through 189:

    9.10000    9.15000    9.20000    9.25000    9.30000    9.35000    9.40000

 Columns 190 through 196:

    9.45000    9.50000    9.55000    9.60000    9.65000    9.70000    9.75000

 Columns 197 through 203:

    9.80000    9.85000    9.90000    9.95000   10.00000   10.05000   10.10000

 Columns 204 through 210:

   10.15000   10.20000   10.25000   10.30000   10.35000   10.40000   10.45000

 Columns 211 through 217:

   10.50000   10.55000   10.60000   10.65000   10.70000   10.75000   10.80000

 Columns 218 through 224:

   10.85000   10.90000   10.95000   11.00000   11.05000   11.10000   11.15000

 Columns 225 through 231:

   11.20000   11.25000   11.30000   11.35000   11.40000   11.45000   11.50000

 Columns 232 through 238:

   11.55000   11.60000   11.65000   11.70000   11.75000   11.80000   11.85000

 Columns 239 through 245:

   11.90000   11.95000   12.00000   12.05000   12.10000   12.15000   12.20000

 Columns 246 through 252:

   12.25000   12.30000   12.35000   12.40000   12.45000   12.50000   12.55000

 Columns 253 through 259:

   12.60000   12.65000   12.70000   12.75000   12.80000   12.85000   12.90000

 Columns 260 through 266:

   12.95000   13.00000   13.05000   13.10000   13.15000   13.20000   13.25000

 Columns 267 through 273:

   13.30000   13.35000   13.40000   13.45000   13.50000   13.55000   13.60000

 Columns 274 through 280:

   13.65000   13.70000   13.75000   13.80000   13.85000   13.90000   13.95000

 Columns 281 through 287:

   14.00000   14.05000   14.10000   14.15000   14.20000   14.25000   14.30000

 Columns 288 through 294:

   14.35000   14.40000   14.45000   14.50000   14.55000   14.60000   14.65000

 Columns 295 through 301:

   14.70000   14.75000   14.80000   14.85000   14.90000   14.95000   15.00000

 Columns 302 through 308:

   15.05000   15.10000   15.15000   15.20000   15.25000   15.30000   15.35000

 Columns 309 through 315:

   15.40000   15.45000   15.50000   15.55000   15.60000   15.65000   15.70000

 Columns 316 through 322:

   15.75000   15.80000   15.85000   15.90000   15.95000   16.00000   16.05000

 Columns 323 through 329:

   16.10000   16.15000   16.20000   16.25000   16.30000   16.35000   16.40000

 Columns 330 through 336:

   16.45000   16.50000   16.55000   16.60000   16.65000   16.70000   16.75000

 Columns 337 through 343:

   16.80000   16.85000   16.90000   16.95000   17.00000   17.05000   17.10000

 Columns 344 through 350:

   17.15000   17.20000   17.25000   17.30000   17.35000   17.40000   17.45000

 Columns 351 through 357:

   17.50000   17.55000   17.60000   17.65000   17.70000   17.75000   17.80000

 Columns 358 through 364:

   17.85000   17.90000   17.95000   18.00000   18.05000   18.10000   18.15000

 Columns 365 through 371:

   18.20000   18.25000   18.30000   18.35000   18.40000   18.45000   18.50000

 Columns 372 through 378:

   18.55000   18.60000   18.65000   18.70000   18.75000   18.80000   18.85000

 Columns 379 through 385:

   18.90000   18.95000   19.00000   19.05000   19.10000   19.15000   19.20000

 Columns 386 through 392:

   19.25000   19.30000   19.35000   19.40000   19.45000   19.50000   19.55000

 Columns 393 through 399:

   19.60000   19.65000   19.70000   19.75000   19.80000   19.85000   19.90000

 Columns 400 and 401:

   19.95000   20.00000

Y2 =

    3.0063248
    2.4440515
    1.8770865
    1.3068586
    0.7347871
    0.1623040
   -0.4091550
   -0.9781791
   -1.5433314
   -2.1033340
   -2.6568124
   -3.2022638
   -3.7381148
   -4.2636051
   -4.7775868
   -5.2778826
   -5.7637725
   -6.2346337
   -6.6881203
   -7.1243317
   -7.5417317
   -7.9389561
   -8.3156082
   -8.6705355
   -9.0029529
   -9.3121801
   -9.5973167
   -9.8578825
  -10.0930997
  -10.3025599
  -10.4859035
  -10.6425182
  -10.7721647
  -10.8746734
  -10.9497622
  -10.9973287
  -11.0173315
  -11.0097863
  -10.9747762
  -10.9124661
  -10.8230780
  -10.7068563
  -10.5642131
  -10.3956071
  -10.2014442
   -9.9822922
   -9.7387501
   -9.4714907
   -9.1813617
   -8.8689987
   -8.5351902
   -8.1809238
   -7.8071326
   -7.4148254
   -7.0048920
   -6.5784273
   -6.1367243
   -5.6807510
   -5.2116958
   -4.7308020
   -4.2392024
   -3.7381661
   -3.2292913
   -2.7131808
   -2.1917746
   -1.6661270
   -1.1373989
   -0.6071784
   -0.0766365
    0.4528981
    0.9800924
    1.5036100
    2.0224069
    2.5347182
    3.0399302
    3.5363861
    4.0228051
    4.4985374
    4.9619018
    5.4119298
    5.8477429
    6.2680424
    6.6718614
    7.0581286
    7.4260667
    7.7752428
    8.1044306
    8.4119949
    8.6981174
    8.9621054
    9.2029408
    9.4204783
    9.6138415
    9.7828086
    9.9270548
   10.0459004
   10.1395996
   10.2075789
   10.2498856
   10.2665031
   10.2573469
   10.2225882
   10.1623426
   10.0768138
    9.9663288
    9.8311432
    9.6717398
    9.4885694
    9.2819929
    9.0529462
    8.8015446
    8.5289649
    8.2356292
    7.9223781
    7.5902201
    7.2396698
    6.8720769
    6.4880038
    6.0886649
    5.6751713
    5.2481915
    4.8092280
    4.3593230
    3.8992400
    3.4305464
    2.9544303
    2.4716659
    1.9836828
    1.4918925
    0.9972975
    0.5008685
    0.0041379
   -0.4915825
   -0.9852546
   -1.4758883
   -1.9620342
   -2.4424110
   -2.9158617
   -3.3813386
   -3.8374515
   -4.2833114
   -4.7179880
   -5.1400583
   -5.5478675
   -5.9410916
   -6.3188764
   -6.6795719
   -7.0230248
   -7.3482242
   -7.6537975
   -7.9397792
   -8.2048917
   -8.4490682
   -8.6711687
   -8.8713051
   -9.0484604
   -9.2026069
   -9.3332537
   -9.4401980
   -9.5232855
   -9.5822370
   -9.6170973
   -9.6277630
   -9.6142995
   -9.5768020
   -9.5154165
   -9.4303515
   -9.3219765
   -9.1904343
   -9.0362562
   -8.8598545
   -8.6617403
   -8.4423970
   -8.2024279
   -7.9426826
   -7.6636133
   -7.3659693
   -7.0506743
   -6.7185252
   -6.3703835
   -6.0070346
   -5.6296127
   -5.2390429
   -4.8360882
   -4.4222215
   -3.9980613
   -3.5648789
   -3.1238498
   -2.6758401
   -2.2222611
   -1.7639293
   -1.3023652
   -0.8382094
   -0.3731795
    0.0921221
    0.5562294
    1.0180308
    1.4766840
    1.9306994
    2.3792771
    2.8212867
    3.2555110
    3.6810945
    4.0970144
    4.5021807
    4.8956403
    5.2764772
    5.6436836
    5.9966133
    6.3343981
    6.6558661
    6.9601015
    7.2468337
    7.5153128
    7.7643295
    7.9935177
    8.2026874
    8.3909218
    8.5574234
    8.7024087
    8.8254278
    8.9256977
    9.0034724
    9.0585643
    9.0905815
    9.0997855
    9.0860787
    9.0495369
    8.9903645
    8.9086994
    8.8048960
    8.6791500
    8.5319300
    8.3636979
    8.1747065
    7.9657384
    7.7373507
    7.4898531
    7.2242563
    6.9412746
    6.6412758
    6.3253665
    5.9944681
    5.6490705
    5.2902028
    4.9190049
    4.5362171
    4.1426086
    3.7394618
    3.3278285
    2.9084826
    2.4823575
    2.0507526
    1.6147726
    1.1753110
    0.7331917
    0.2896808
   -0.1540050
   -0.5968111
   -1.0378415
   -1.4761446
   -1.9104398
   -2.3396641
   -2.7627397
   -3.1785654
   -3.5859975
   -3.9838448
   -4.3714375
   -4.7477816
   -5.1113708
   -5.4611360
   -5.7968109
   -6.1173175
   -6.4212564
   -6.7086696
   -6.9788237
   -7.2301667
   -7.4629287
   -7.6762506
   -7.8697528
   -8.0429902
   -8.1954536
   -8.3271052
   -8.4372727
   -8.5260395
   -8.5931331
   -8.6384487
   -8.6619883
   -8.6636616
   -8.6436064
   -8.6018896
   -8.5386741
   -8.4541913
   -8.3487180
   -8.2224982
   -8.0761031
   -7.9096008
   -7.7239288
   -7.5191245
   -7.2960045
   -7.0551668
   -6.7972083
   -6.5227658
   -6.2327619
   -5.9275911
   -5.6085856
   -5.2759207
   -4.9310498
   -4.5744654
   -4.2071978
   -3.8302750
   -3.4444479
   -3.0509406
   -2.6504363
   -2.2442876
   -1.8331426
   -1.4182431
   -1.0006968
   -0.5810738
   -0.1609505
    0.2590049
    0.6777912
    1.0941398
    1.5073488
    1.9163551
    2.3200513
    2.7176368
    3.1082320
    3.4907814
    3.8643775
    4.2282361
    4.5814146
    4.9231308
    5.2526684
    5.5691812
    5.8716928
    6.1592355
    6.4314384
    6.6878320
    6.9275326
    7.1493507
    7.3529781
    7.5383492
    7.7048387
    7.8513683
    7.9778007
    8.0842169
    8.1701533
    8.2350414
    8.2791103
    8.3023007
    8.3043391
    8.2854167
    8.2456580
    8.1850883
    8.1040170
    8.0026746
    7.8812964
    7.7403774
    7.5802669
    7.4012773
    7.2041112
    6.9893289
    6.7572671
    6.5086531
    6.2443443
    5.9649150
    5.6708470
    5.3631453
    5.0427203
    4.7102399
    4.3663179
    4.0120397
    3.6484054
    3.2762321
    2.8961891
    2.5092538
    2.1165437
    1.7190298
    1.3175425
    0.9128054
    0.5058405
    0.0977891
   -0.3103257
   -0.7175932
   -1.1232154
   -1.5262368
   -1.9254756
   -2.3200086
   -2.7088392
   -3.0908932
   -3.4650188
   -3.8299705
   -4.1850075
   -4.5295401
   -4.8624110
   -5.1819959
   -5.4877951
   -5.7794285
   -6.0557696
   -6.3160636

y2 =

 Columns 1 through 7:

    3.00632    2.44687    1.88130    1.31103    0.73748    0.16209   -0.41370

 Columns 8 through 14:

   -0.98847   -1.56076   -2.12915   -2.69222   -3.24856   -3.79678   -4.33551

 Columns 15 through 21:

   -4.86340   -5.37914   -5.88143   -6.36903   -6.84070   -7.29527   -7.73161

 Columns 22 through 28:

   -8.14863   -8.54528   -8.92057   -9.27356   -9.60337   -9.90918  -10.19022

 Columns 29 through 35:

  -10.44580  -10.67526  -10.87804  -11.05363  -11.20159  -11.32156  -11.41322

 Columns 36 through 42:

  -11.47636  -11.51082  -11.51650  -11.49340  -11.44157  -11.36114  -11.25232

 Columns 43 through 49:

  -11.11537  -10.95064  -10.75853  -10.53954  -10.29420  -10.02314   -9.72702

 Columns 50 through 56:

   -9.40658   -9.06264   -8.69604   -8.30771   -7.89862   -7.46978   -7.02227

 Columns 57 through 63:

   -6.55721   -6.07576   -5.57912   -5.06854   -4.54529   -4.01068   -3.46604

 Columns 64 through 70:

   -2.91274   -2.35216   -1.78570   -1.21478   -0.64082   -0.06526    0.51046

 Columns 71 through 77:

    1.08491    1.65664    2.22424    2.78627    3.34135    3.88807    4.42507

 Columns 78 through 84:

    4.95101    5.46457    5.96448    6.44948    6.91836    7.36995    7.80311

 Columns 85 through 91:

    8.21678    8.60990    8.98150    9.33066    9.65649    9.95819   10.23500

 Columns 92 through 98:

   10.48622   10.71124   10.90948   11.08045   11.22373   11.33896   11.42584

 Columns 99 through 105:

   11.48417   11.51379   11.51463   11.48669   11.43004   11.34482   11.23125

 Columns 106 through 112:

   11.08960   10.92024   10.72358   10.50011   10.25041    9.97508    9.67482

 Columns 113 through 119:

    9.35037    9.00256    8.63224    8.24035    7.82786    7.39581    6.94527

 Columns 120 through 126:

    6.47737    5.99328    5.49421    4.98141    4.45615    3.91976    3.37357

 Columns 127 through 133:

    2.81895    2.25729    1.68998    1.11845    0.54412   -0.03157   -0.60718

 Columns 134 through 140:

   -1.18127   -1.75241   -2.31917   -2.88013   -3.43390   -3.97908   -4.51431

 Columns 141 through 147:

   -5.03826   -5.54962   -6.04711   -6.52948   -6.99553   -7.44410   -7.87406

 Columns 148 through 154:

   -8.28434   -8.67392   -9.04181   -9.38710   -9.70893  -10.00649  -10.27905

 Columns 155 through 161:

  -10.52591  -10.74646  -10.94015  -11.10649  -11.24508  -11.35555  -11.43765

 Columns 162 through 168:

  -11.49116  -11.51594  -11.51194  -11.47917  -11.41770  -11.32770  -11.20939

 Columns 169 through 175:

  -11.06305  -10.88907  -10.68786  -10.45995  -10.20588   -9.92631   -9.62193

 Columns 176 through 182:

   -9.29350   -8.94184   -8.56783   -8.17240   -7.75655   -7.32131   -6.86777

 Columns 183 through 189:

   -6.39707   -5.91038   -5.40891   -4.89392   -4.36670   -3.82857   -3.28087

 Columns 190 through 196:

   -2.72497   -2.16225   -1.59413   -1.02203   -0.44737    0.12840    0.70386

 Columns 197 through 203:

    1.27755    1.84806    2.41394    2.97379    3.52620    4.06981    4.60324

 Columns 204 through 210:

    5.12516    5.63428    6.12931    6.60902    7.07221    7.51773    7.94445

 Columns 211 through 217:

    8.35132    8.73732    9.10147    9.44288    9.76068   10.05409   10.32237

 Columns 218 through 224:

   10.56485   10.78092   10.97004   11.13175   11.26563   11.37135   11.44865

 Columns 225 through 231:

   11.49734   11.51728   11.50844   11.47084   11.40456   11.30978   11.18673

 Columns 232 through 238:

   11.03572   10.85712   10.65139   10.41904   10.16064    9.87685    9.56837

 Columns 239 through 245:

    9.23597    8.88049    8.50281    8.10388    7.68470    7.24630    6.78980

 Columns 246 through 252:

    6.31632    5.82706    5.32323    4.80609    4.27695    3.73711    3.18793

 Columns 253 through 259:

    2.63079    2.06706    1.49818    0.92554    0.35060   -0.22523   -0.80048

 Columns 260 through 266:

   -1.37374   -1.94357   -2.50854   -3.06723   -3.61826   -4.16025   -4.69184

 Columns 267 through 273:

   -5.21170   -5.71853   -6.21108   -6.68809   -7.14839   -7.59083   -8.01429

 Columns 274 through 280:

   -8.41771   -8.80010   -9.16049   -9.49799   -9.81175  -10.10098  -10.36496

 Columns 281 through 287:

  -10.60304  -10.81462  -10.99916  -11.15621  -11.28538  -11.38634  -11.45884

 Columns 288 through 294:

  -11.50270  -11.51781  -11.50413  -11.46170  -11.39061  -11.29106  -11.16328

 Columns 295 through 301:

  -11.00761  -10.82442  -10.61417  -10.37739  -10.11468   -9.82668   -9.51413

 Columns 302 through 308:

   -9.17779   -8.81851   -8.43719   -8.03479   -7.61230   -7.17078   -6.71134

 Columns 309 through 315:

   -6.23512   -5.74332   -5.23717   -4.71792   -4.18689   -3.64538   -3.09477

 Columns 316 through 322:

   -2.53642   -1.97173   -1.40211   -0.82899   -0.25380    0.32203    0.89706

 Columns 323 through 329:

    1.46984    2.03894    2.60296    3.16046    3.71007    4.25040    4.78011

 Columns 330 through 336:

    5.29787    5.80239    6.29240    6.76669    7.22407    7.66339    8.08355

 Columns 337 through 343:

    8.48351    8.86226    9.21887    9.55243    9.86212   10.14715   10.40682

 Columns 344 through 350:

   10.64049   10.84755   11.02750   11.17989   11.30434   11.40053   11.46822

 Columns 351 through 357:

   11.50725   11.51752   11.49900   11.45174   11.37586   11.27154   11.13905

 Columns 358 through 364:

   10.97872   10.79094   10.57620   10.33502   10.06800    9.77583    9.45921

 Columns 365 through 371:

    9.11896    8.75591    8.37098    7.96512    7.53936    7.09475    6.63240

 Columns 372 through 378:

    6.15348    5.65918    5.15074    4.62942    4.09653    3.55340    3.00139

 Columns 379 through 385:

    2.44187    1.87626    1.30595    0.73238    0.15698   -0.41882   -0.99356

 Columns 386 through 392:

   -1.56583   -2.13418   -2.69719   -3.25347   -3.80161   -4.34025   -4.86804

 Columns 393 through 399:

   -5.38366   -5.88583   -6.37329   -6.84481   -7.29923   -7.73540   -8.15224

 Columns 400 and 401:

    0.00000    0.00000

