C = 
  -1273.7657
    617.9741
   1937.4856
   -233.2623
     15.1510
     35.3182
    -19.6603
    314.8052
   1273.9852
    -20.3343
    -17.5377
   -493.0810
     24.8381
   -660.0748
    104.1902
    -14.7210
     11.8864
   -161.8736
  -1938.4458
      4.6796
The solve is 
   0.00000   0.99998  -0.00500
   0.02000   0.99984  -0.00962
   0.03999   0.99960  -0.01406
   0.05998   0.99927  -0.01859
   0.07996   0.99886  -0.02323
   0.09994   0.99834  -0.02797
   0.11990   0.99774  -0.03278
   0.13984   0.99703  -0.03764
   0.15978   0.99623  -0.04253
   0.17969   0.99533  -0.04745
   0.19959   0.99433  -0.05238
   0.21947   0.99324  -0.05732
   0.23932   0.99204  -0.06226
   0.25915   0.99075  -0.06720
   0.27895   0.98935  -0.07215
   0.29872   0.98786  -0.07708
   0.31846   0.98627  -0.08199
   0.33817   0.98458  -0.08690
   0.35784   0.98279  -0.09179
   0.37748   0.98091  -0.09668
   0.39708   0.97893  -0.10156
   0.41664   0.97685  -0.10644
   0.43615   0.97467  -0.11132
   0.45562   0.97239  -0.11619
   0.47505   0.97002  -0.12105
   0.49442   0.96755  -0.12589
   0.51375   0.96499  -0.13069
   0.53302   0.96233  -0.13546
   0.55224   0.95957  -0.14023
   0.57140   0.95672  -0.14499
   0.59051   0.95377  -0.14975
   0.60955   0.95073  -0.15452
   0.62854   0.94759  -0.15927
   0.64746   0.94436  -0.16400
   0.66631   0.94103  -0.16868
   0.68510   0.93761  -0.17332
   0.70382   0.93410  -0.17794
   0.72246   0.93049  -0.18256
   0.74103   0.92679  -0.18719
   0.75953   0.92300  -0.19181
   0.77795   0.91912  -0.19643
   0.79630   0.91515  -0.20102
   0.81456   0.91108  -0.20554
   0.83274   0.90693  -0.21001
   0.85084   0.90268  -0.21446
   0.86885   0.89835  -0.21891
   0.88677   0.89393  -0.22337
   0.90460   0.88941  -0.22784
   0.92235   0.88481  -0.23229
   0.94000   0.88013  -0.23670
   0.95755   0.87535  -0.24102
   0.97501   0.87049  -0.24530
   0.99237   0.86554  -0.24955
   1.00963   0.86050  -0.25381
   1.02679   0.85538  -0.25808
   1.04384   0.85018  -0.26236
   1.06079   0.84489  -0.26662
   1.07764   0.83952  -0.27081
   1.09438   0.83406  -0.27491
   1.11100   0.82852  -0.27896
   1.12752   0.82290  -0.28299
   1.14392   0.81720  -0.28704
   1.16020   0.81142  -0.29109
   1.17637   0.80556  -0.29515
   1.19242   0.79962  -0.29918
   1.20836   0.79359  -0.30313
   1.22417   0.78750  -0.30698
   1.23986   0.78132  -0.31078
   1.25542   0.77506  -0.31457
   1.27086   0.76873  -0.31837
   1.28617   0.76233  -0.32219
   1.30135   0.75584  -0.32600
   1.31640   0.74929  -0.32978
   1.33132   0.74266  -0.33345
   1.34611   0.73596  -0.33702
   1.36076   0.72918  -0.34055
   1.37527   0.72233  -0.34407
   1.38965   0.71541  -0.34761
   1.40389   0.70842  -0.35117
   1.41799   0.70137  -0.35472
   1.43194   0.69424  -0.35821
   1.44576   0.68704  -0.36157
   1.45943   0.67978  -0.36484
   1.47295   0.67245  -0.36808
   1.48632   0.66506  -0.37132
   1.49955   0.65760  -0.37458
   1.51263   0.65007  -0.37786
   1.52555   0.64248  -0.38111
   1.53833   0.63483  -0.38428
   1.55095   0.62712  -0.38730
   1.56341   0.61934  -0.39025
   1.57572   0.61151  -0.39318
   1.58787   0.60361  -0.39613
   1.59986   0.59566  -0.39911
   1.61170   0.58765  -0.40209
   1.62337   0.57958  -0.40502
   1.63488   0.57145  -0.40779
   1.64623   0.56327  -0.41045
   1.65741   0.55504  -0.41307
   1.66843   0.54675  -0.41571
   1.67928   0.53840  -0.41838
   1.68996   0.53001  -0.42106
   1.70048   0.52157  -0.42371
   1.71083   0.51307  -0.42621
   1.72100   0.50452  -0.42857
   1.73101   0.49593  -0.43087
   1.74084   0.48728  -0.43320
   1.75050   0.47860  -0.43557
   1.75998   0.46986  -0.43796
   1.76929   0.46108  -0.44031
   1.77842   0.45226  -0.44247
   1.78738   0.44339  -0.44450
   1.79616   0.43448  -0.44649
   1.80476   0.42552  -0.44853
   1.81318   0.41653  -0.45061
   1.82142   0.40750  -0.45271
   1.82948   0.39843  -0.45470
   1.83736   0.38932  -0.45648
   1.84505   0.38017  -0.45817
   1.85256   0.37099  -0.45989
   1.85989   0.36177  -0.46168
   1.86704   0.35252  -0.46350
   1.87399   0.34324  -0.46526
   1.88076   0.33392  -0.46677
   1.88735   0.32457  -0.46818
   1.89375   0.31519  -0.46961
   1.89996   0.30578  -0.47112
   1.90598   0.29634  -0.47269
   1.91181   0.28688  -0.47416
   1.91745   0.27739  -0.47537
   1.92291   0.26787  -0.47650
   1.92817   0.25832  -0.47769
   1.93324   0.24875  -0.47899
   1.93812   0.23916  -0.48031
   1.94280   0.22955  -0.48141
   1.94730   0.21991  -0.48230
   1.95160   0.21026  -0.48322
   1.95571   0.20058  -0.48426
   1.95962   0.19089  -0.48538
   1.96334   0.18117  -0.48634
   1.96687   0.17144  -0.48703
   1.97020   0.16169  -0.48772
   1.97334   0.15192  -0.48857
   1.97628   0.14215  -0.48951
   1.97902   0.13235  -0.49026
   1.98157   0.12254  -0.49075
   1.98393   0.11272  -0.49130
   1.98608   0.10288  -0.49203
   1.98804   0.09304  -0.49282
   1.98980   0.08318  -0.49329
   1.99137   0.07331  -0.49363
   1.99274   0.06343  -0.49414
   1.99391   0.05354  -0.49483
   1.99488   0.04364  -0.49536
   1.99565   0.03373  -0.49558
   1.99623   0.02382  -0.49593
   1.99660   0.01389  -0.49652
   1.99678   0.00396  -0.49704
   1.99676  -0.00598  -0.49719
   1.99654  -0.01593  -0.49747
   1.99612  -0.02588  -0.49802
   1.99551  -0.03584  -0.49845
   1.99469  -0.04582  -0.49853
   1.99367  -0.05579  -0.49883
   1.99246  -0.06577  -0.49939
   1.99104  -0.07576  -0.49959
   1.98943  -0.08575  -0.49967
   1.98761  -0.09575  -0.50010
   1.98560  -0.10575  -0.50049
   1.98338  -0.11576  -0.50044
   1.98097  -0.12578  -0.50070
   1.97835  -0.13579  -0.50112
   1.97554  -0.14581  -0.50100
   1.97252  -0.15584  -0.50114
   1.96930  -0.16586  -0.50143
   1.96589  -0.17588  -0.50117
   1.96227  -0.18591  -0.50127
   1.95845  -0.19593  -0.50119
   1.95443  -0.20595  -0.50098
   1.95021  -0.21597  -0.50069
   1.94579  -0.22598  -0.50075
   1.94117  -0.23599  -0.49952
   1.93635  -0.24598  -0.49911
   1.93133  -0.25596  -0.49862
   1.92611  -0.26592  -0.49796
   1.92070  -0.27587  -0.49710
   1.91508  -0.28580  -0.49577
   1.90926  -0.29571  -0.49454
   1.90325  -0.30559  -0.49344
   1.89704  -0.31544  -0.49201
   1.89063  -0.32526  -0.49025
   1.88403  -0.33505  -0.48831
   1.87723  -0.34480  -0.48649
   1.87024  -0.35451  -0.48461
   1.86305  -0.36418  -0.48243
   1.85567  -0.37381  -0.47995
   1.84810  -0.38338  -0.47737
   1.84034  -0.39291  -0.47496
   1.83238  -0.40238  -0.47247
   1.82424  -0.41180  -0.46975
   1.81591  -0.42117  -0.46681
   1.80740  -0.43048  -0.46378
   1.79869  -0.43973  -0.46093
   1.78981  -0.44892  -0.45811
   1.78074  -0.45805  -0.45515
   1.77149  -0.46712  -0.45203
   1.76205  -0.47613  -0.44881
   1.75244  -0.48508  -0.44568
   1.74265  -0.49396  -0.44271
   1.73268  -0.50279  -0.43973
   1.72254  -0.51155  -0.43664
   1.71222  -0.52025  -0.43345
   1.70173  -0.52889  -0.43020
   1.69107  -0.53746  -0.42704
   1.68023  -0.54597  -0.42402
   1.66923  -0.55442  -0.42100
   1.65806  -0.56281  -0.41791
   1.64672  -0.57114  -0.41472
   1.63521  -0.57940  -0.41146
   1.62354  -0.58760  -0.40819
   1.61171  -0.59573  -0.40501
   1.59971  -0.60380  -0.40190
   1.58756  -0.61181  -0.39876
   1.57524  -0.61975  -0.39554
   1.56277  -0.62763  -0.39223
   1.55013  -0.63544  -0.38885
   1.53735  -0.64318  -0.38542
   1.52441  -0.65086  -0.38201
   1.51131  -0.65847  -0.37866
   1.49807  -0.66601  -0.37531
   1.48467  -0.67348  -0.37192
   1.47113  -0.68088  -0.36847
   1.45744  -0.68822  -0.36494
   1.44360  -0.69548  -0.36135
   1.42962  -0.70267  -0.35770
   1.41550  -0.70979  -0.35402
   1.40123  -0.71683  -0.35033
   1.38682  -0.72381  -0.34664
   1.37228  -0.73070  -0.34297
   1.35760  -0.73753  -0.33927
   1.34278  -0.74428  -0.33554
   1.32783  -0.75095  -0.33176
   1.31274  -0.75754  -0.32793
   1.29752  -0.76406  -0.32406
   1.28218  -0.77050  -0.32015
   1.26670  -0.77687  -0.31620
   1.25110  -0.78315  -0.31221
   1.23538  -0.78935  -0.30819
   1.21953  -0.79548  -0.30414
   1.20356  -0.80152  -0.30006
   1.18747  -0.80748  -0.29596
   1.17126  -0.81336  -0.29184
   1.15494  -0.81916  -0.28769
   1.13850  -0.82488  -0.28353
   1.12194  -0.83051  -0.27934
   1.10528  -0.83605  -0.27512
   1.08850  -0.84151  -0.27088
   1.07162  -0.84689  -0.26661
   1.05463  -0.85218  -0.26232
   1.03753  -0.85739  -0.25800
   1.02033  -0.86251  -0.25366
   1.00303  -0.86754  -0.24929
   0.98563  -0.87248  -0.24489
   0.96813  -0.87734  -0.24047
   0.95054  -0.88210  -0.23604
   0.93285  -0.88678  -0.23158
   0.91507  -0.89137  -0.22711
   0.89719  -0.89587  -0.22261
   0.87923  -0.90027  -0.21810
   0.86118  -0.90459  -0.21357
   0.84305  -0.90882  -0.20903
   0.82483  -0.91295  -0.20445
   0.80653  -0.91699  -0.19985
   0.78815  -0.92094  -0.19523
   0.76969  -0.92480  -0.19057
   0.75116  -0.92857  -0.18588
   0.73255  -0.93224  -0.18117
   0.71387  -0.93582  -0.17645
   0.69512  -0.93930  -0.17172
   0.67630  -0.94269  -0.16701
   0.65741  -0.94598  -0.16230
   0.63846  -0.94918  -0.15756
   0.61945  -0.95228  -0.15278
   0.60037  -0.95529  -0.14796
   0.58124  -0.95820  -0.14312
   0.56204  -0.96101  -0.13829
   0.54280  -0.96373  -0.13349
   0.52350  -0.96635  -0.12868
   0.50414  -0.96888  -0.12381
   0.48474  -0.97131  -0.11890
   0.46529  -0.97364  -0.11401
   0.44580  -0.97587  -0.10916
   0.42626  -0.97800  -0.10427
   0.40668  -0.98004  -0.09932
   0.38706  -0.98198  -0.09439
   0.36740  -0.98381  -0.08950
   0.34770  -0.98555  -0.08456
   0.32798  -0.98720  -0.07958
   0.30822  -0.98874  -0.07466
   0.28843  -0.99018  -0.06970
   0.26861  -0.99153  -0.06471
   0.24877  -0.99277  -0.05977
   0.22890  -0.99392  -0.05477
   0.20901  -0.99496  -0.04980
   0.18910  -0.99591  -0.04482
   0.16918  -0.99676  -0.03983
   0.14923  -0.99750  -0.03484
   0.12928  -0.99815  -0.02984
   0.10931  -0.99870  -0.02484
   0.08933  -0.99914  -0.01985
   0.06934  -0.99949  -0.01485
   0.04935  -0.99974  -0.00985
   0.02935  -0.99988  -0.00485
   0.00936  -0.99993   0.00015
  -0.01064  -0.99988   0.00515
  -0.03064  -0.99973   0.01015
  -0.05063  -0.99947   0.01515
  -0.07062  -0.99912   0.02015
  -0.09060  -0.99867   0.02513
  -0.11056  -0.99811   0.03012
  -0.13052  -0.99746   0.03511
  -0.15046  -0.99671   0.04008
  -0.17039  -0.99586   0.04507
  -0.19029  -0.99491   0.05003
  -0.21018  -0.99386   0.05500
  -0.23005  -0.99271   0.05996
  -0.24989  -0.99146   0.06491
  -0.26971  -0.99011   0.06985
  -0.28949  -0.98867   0.07480
  -0.30925  -0.98712   0.07970
  -0.32898  -0.98548   0.08466
  -0.34867  -0.98373   0.08954
  -0.36833  -0.98189   0.09444
  -0.38795  -0.97996   0.09936
  -0.40752  -0.97792   0.10420
  -0.42706  -0.97579   0.10909
  -0.44656  -0.97356   0.11397
  -0.46600  -0.97123   0.11877
  -0.48540  -0.96881   0.12362
  -0.50476  -0.96629   0.12847
  -0.52405  -0.96367   0.13323
  -0.54330  -0.96096   0.13802
  -0.56249  -0.95815   0.14285
  -0.58163  -0.95524   0.14758
  -0.60070  -0.95225   0.15229
  -0.61972  -0.94915   0.15705
  -0.63867  -0.94596   0.16181
  -0.65755  -0.94268   0.16646
  -0.67637  -0.93931   0.17111
  -0.69513  -0.93584   0.17581
  -0.71381  -0.93227   0.18050
  -0.73242  -0.92862   0.18508
  -0.75095  -0.92487   0.18964
  -0.76941  -0.92103   0.19424
  -0.78779  -0.91710   0.19886
  -0.80609  -0.91308   0.20342
  -0.82431  -0.90897   0.20788
  -0.84245  -0.90476   0.21235
  -0.86050  -0.90047   0.21685
  -0.87847  -0.89609   0.22137
  -0.89635  -0.89162   0.22582
  -0.91413  -0.88706   0.23018
  -0.93183  -0.88241   0.23452
  -0.94943  -0.87768   0.23888
  -0.96694  -0.87286   0.24326
  -0.98434  -0.86795   0.24763
  -1.00165  -0.86295   0.25192
  -1.01886  -0.85787   0.25613
  -1.03597  -0.85271   0.26031
  -1.05297  -0.84746   0.26450
  -1.06987  -0.84213   0.26871
  -1.08665  -0.83671   0.27291
  -1.10333  -0.83121   0.27709
  -1.11990  -0.82563   0.28118
  -1.13636  -0.81997   0.28520
  -1.15270  -0.81423   0.28919
  -1.16893  -0.80840   0.29316
  -1.18504  -0.80250   0.29713
  -1.20103  -0.79651   0.30110
  -1.21690  -0.79045   0.30506
  -1.23264  -0.78431   0.30899
  -1.24827  -0.77810   0.31287
  -1.26377  -0.77180   0.31669
  -1.27914  -0.76543   0.32045
  -1.29438  -0.75899   0.32416
  -1.30950  -0.75247   0.32784
  -1.32448  -0.74587   0.33150
  -1.33933  -0.73921   0.33513
  -1.35405  -0.73247   0.33874
  -1.36863  -0.72565   0.34233
  -1.38307  -0.71877   0.34590
  -1.39738  -0.71182   0.34943
  -1.41155  -0.70479   0.35293
  -1.42557  -0.69770   0.35639
  -1.43945  -0.69054   0.35982
  -1.45319  -0.68331   0.36320
  -1.46679  -0.67602   0.36654
  -1.48023  -0.66865   0.36984
  -1.49353  -0.66123   0.37309
  -1.50668  -0.65374   0.37630
  -1.51968  -0.64618   0.37947
y =

 Columns 1 through 8:

   0.00000   0.02000   0.04000   0.05999   0.07998   0.09996   0.11993   0.13989

 Columns 9 through 16:

   0.15983   0.17976   0.19967   0.21956   0.23942   0.25927   0.27909   0.29888

 Columns 17 through 24:

   0.31864   0.33836   0.35806   0.37772   0.39734   0.41692   0.43646   0.45596

 Columns 25 through 32:

   0.47541   0.49481   0.51416   0.53346   0.55271   0.57190   0.59104   0.61012

 Columns 33 through 40:

   0.62913   0.64809   0.66697   0.68580   0.70455   0.72323   0.74184   0.76038

 Columns 41 through 48:

   0.77884   0.79722   0.81552   0.83374   0.85188   0.86993   0.88790   0.90577

 Columns 49 through 56:

   0.92356   0.94125   0.95885   0.97635   0.99376   1.01107   1.02827   1.04537

 Columns 57 through 64:

   1.06237   1.07926   1.09605   1.11272   1.12928   1.14573   1.16207   1.17829

 Columns 65 through 72:

   1.19439   1.21037   1.22623   1.24197   1.25759   1.27307   1.28844   1.30367

 Columns 73 through 80:

   1.31877   1.33374   1.34858   1.36328   1.37784   1.39227   1.40656   1.42071

 Columns 81 through 88:

   1.43471   1.44857   1.46229   1.47586   1.48929   1.50256   1.51569   1.52866

 Columns 89 through 96:

   1.54148   1.55414   1.56665   1.57901   1.59120   1.60324   1.61512   1.62683

 Columns 97 through 104:

   1.63838   1.64977   1.66099   1.67205   1.68294   1.69366   1.70422   1.71460

 Columns 105 through 112:

   1.72481   1.73485   1.74471   1.75440   1.76392   1.77325   1.78241   1.79140

 Columns 113 through 120:

   1.80020   1.80882   1.81727   1.82553   1.83361   1.84150   1.84921   1.85674

 Columns 121 through 128:

   1.86408   1.87123   1.87820   1.88498   1.89157   1.89797   1.90418   1.91020

 Columns 129 through 136:

   1.91603   1.92167   1.92712   1.93237   1.93743   1.94230   1.94697   1.95145

 Columns 137 through 144:

   1.95573   1.95982   1.96371   1.96740   1.97090   1.97420   1.97730   1.98021

 Columns 145 through 152:

   1.98292   1.98543   1.98774   1.98985   1.99176   1.99348   1.99499   1.99630

 Columns 153 through 160:

   1.99742   1.99834   1.99905   1.99957   1.99988   2.00000   1.99992   1.99963

 Columns 161 through 168:

   1.99915   1.99846   1.99758   1.99650   1.99521   1.99373   1.99205   1.99017

 Columns 169 through 176:

   1.98809   1.98581   1.98333   1.98065   1.97778   1.97471   1.97144   1.96797

 Columns 177 through 184:

   1.96431   1.96045   1.95639   1.95214   1.94770   1.94305   1.93822   1.93319

 Columns 185 through 192:

   1.92797   1.92255   1.91694   1.91114   1.90515   1.89897   1.89260   1.88604

 Columns 193 through 200:

   1.87929   1.87235   1.86523   1.85792   1.85042   1.84274   1.83488   1.82683

 Columns 201 through 208:

   1.81859   1.81018   1.80159   1.79281   1.78386   1.77472   1.76541   1.75593

 Columns 209 through 216:

   1.74627   1.73643   1.72642   1.71624   1.70588   1.69536   1.68466   1.67380

 Columns 217 through 224:

   1.66277   1.65157   1.64021   1.62868   1.61699   1.60514   1.59313   1.58096

 Columns 225 through 232:

   1.56863   1.55615   1.54351   1.53071   1.51776   1.50466   1.49141   1.47801

 Columns 233 through 240:

   1.46446   1.45077   1.43693   1.42295   1.40882   1.39456   1.38015   1.36561

 Columns 241 through 248:

   1.35093   1.33611   1.32116   1.30608   1.29087   1.27553   1.26006   1.24447

 Columns 249 through 256:

   1.22875   1.21291   1.19694   1.18086   1.16466   1.14834   1.13191   1.11537

 Columns 257 through 264:

   1.09871   1.08194   1.06507   1.04809   1.03100   1.01381   0.99652   0.97913

 Columns 265 through 272:

   0.96165   0.94406   0.92638   0.90861   0.89075   0.87280   0.85476   0.83664

 Columns 273 through 280:

   0.81843   0.80014   0.78177   0.76332   0.74480   0.72620   0.70753   0.68879

 Columns 281 through 288:

   0.66998   0.65110   0.63216   0.61315   0.59408   0.57496   0.55577   0.53653

 Columns 289 through 296:

   0.51724   0.49789   0.47850   0.45906   0.43957   0.42003   0.40046   0.38085

 Columns 297 through 304:

   0.36119   0.34150   0.32178   0.30203   0.28224   0.26243   0.24259   0.22272

 Columns 305 through 312:

   0.20284   0.18293   0.16300   0.14306   0.12311   0.10314   0.08316   0.06317

 Columns 313 through 320:

   0.04318   0.02318   0.00319  -0.01681  -0.03681  -0.05681  -0.07680  -0.09678

 Columns 321 through 328:

  -0.11675  -0.13671  -0.15665  -0.17658  -0.19650  -0.21639  -0.23626  -0.25611

 Columns 329 through 336:

  -0.27593  -0.29573  -0.31549  -0.33522  -0.35492  -0.37459  -0.39422  -0.41380

 Columns 337 through 344:

  -0.43335  -0.45285  -0.47231  -0.49172  -0.51108  -0.53039  -0.54965  -0.56885

 Columns 345 through 352:

  -0.58800  -0.60708  -0.62611  -0.64507  -0.66397  -0.68280  -0.70157  -0.72026

 Columns 353 through 360:

  -0.73888  -0.75743  -0.77590  -0.79430  -0.81261  -0.83085  -0.84900  -0.86706

 Columns 361 through 368:

  -0.88504  -0.90293  -0.92073  -0.93844  -0.95605  -0.97357  -0.99099  -1.00832

 Columns 369 through 376:

  -1.02554  -1.04266  -1.05967  -1.07658  -1.09338  -1.11007  -1.12665  -1.14312

 Columns 377 through 384:

  -1.15948  -1.17571  -1.19183  -1.20784  -1.22372  -1.23947  -1.25511  -1.27062

 Columns 385 through 392:

  -1.28600  -1.30125  -1.31637  -1.33136  -1.34622  -1.36095  -1.37553  -1.38998

 Columns 393 through 400:

  -1.40429  -1.41846  -1.43249  -1.44638  -1.46012  -1.47371  -1.48716  -1.50046

 Column 401:

  -1.51360

x =

 Columns 1 through 8:

   0.00000   0.02000   0.04000   0.06000   0.08000   0.10000   0.12000   0.14000

 Columns 9 through 16:

   0.16000   0.18000   0.20000   0.22000   0.24000   0.26000   0.28000   0.30000

 Columns 17 through 24:

   0.32000   0.34000   0.36000   0.38000   0.40000   0.42000   0.44000   0.46000

 Columns 25 through 32:

   0.48000   0.50000   0.52000   0.54000   0.56000   0.58000   0.60000   0.62000

 Columns 33 through 40:

   0.64000   0.66000   0.68000   0.70000   0.72000   0.74000   0.76000   0.78000

 Columns 41 through 48:

   0.80000   0.82000   0.84000   0.86000   0.88000   0.90000   0.92000   0.94000

 Columns 49 through 56:

   0.96000   0.98000   1.00000   1.02000   1.04000   1.06000   1.08000   1.10000

 Columns 57 through 64:

   1.12000   1.14000   1.16000   1.18000   1.20000   1.22000   1.24000   1.26000

 Columns 65 through 72:

   1.28000   1.30000   1.32000   1.34000   1.36000   1.38000   1.40000   1.42000

 Columns 73 through 80:

   1.44000   1.46000   1.48000   1.50000   1.52000   1.54000   1.56000   1.58000

 Columns 81 through 88:

   1.60000   1.62000   1.64000   1.66000   1.68000   1.70000   1.72000   1.74000

 Columns 89 through 96:

   1.76000   1.78000   1.80000   1.82000   1.84000   1.86000   1.88000   1.90000

 Columns 97 through 104:

   1.92000   1.94000   1.96000   1.98000   2.00000   2.02000   2.04000   2.06000

 Columns 105 through 112:

   2.08000   2.10000   2.12000   2.14000   2.16000   2.18000   2.20000   2.22000

 Columns 113 through 120:

   2.24000   2.26000   2.28000   2.30000   2.32000   2.34000   2.36000   2.38000

 Columns 121 through 128:

   2.40000   2.42000   2.44000   2.46000   2.48000   2.50000   2.52000   2.54000

 Columns 129 through 136:

   2.56000   2.58000   2.60000   2.62000   2.64000   2.66000   2.68000   2.70000

 Columns 137 through 144:

   2.72000   2.74000   2.76000   2.78000   2.80000   2.82000   2.84000   2.86000

 Columns 145 through 152:

   2.88000   2.90000   2.92000   2.94000   2.96000   2.98000   3.00000   3.02000

 Columns 153 through 160:

   3.04000   3.06000   3.08000   3.10000   3.12000   3.14000   3.16000   3.18000

 Columns 161 through 168:

   3.20000   3.22000   3.24000   3.26000   3.28000   3.30000   3.32000   3.34000

 Columns 169 through 176:

   3.36000   3.38000   3.40000   3.42000   3.44000   3.46000   3.48000   3.50000

 Columns 177 through 184:

   3.52000   3.54000   3.56000   3.58000   3.60000   3.62000   3.64000   3.66000

 Columns 185 through 192:

   3.68000   3.70000   3.72000   3.74000   3.76000   3.78000   3.80000   3.82000

 Columns 193 through 200:

   3.84000   3.86000   3.88000   3.90000   3.92000   3.94000   3.96000   3.98000

 Columns 201 through 208:

   4.00000   4.02000   4.04000   4.06000   4.08000   4.10000   4.12000   4.14000

 Columns 209 through 216:

   4.16000   4.18000   4.20000   4.22000   4.24000   4.26000   4.28000   4.30000

 Columns 217 through 224:

   4.32000   4.34000   4.36000   4.38000   4.40000   4.42000   4.44000   4.46000

 Columns 225 through 232:

   4.48000   4.50000   4.52000   4.54000   4.56000   4.58000   4.60000   4.62000

 Columns 233 through 240:

   4.64000   4.66000   4.68000   4.70000   4.72000   4.74000   4.76000   4.78000

 Columns 241 through 248:

   4.80000   4.82000   4.84000   4.86000   4.88000   4.90000   4.92000   4.94000

 Columns 249 through 256:

   4.96000   4.98000   5.00000   5.02000   5.04000   5.06000   5.08000   5.10000

 Columns 257 through 264:

   5.12000   5.14000   5.16000   5.18000   5.20000   5.22000   5.24000   5.26000

 Columns 265 through 272:

   5.28000   5.30000   5.32000   5.34000   5.36000   5.38000   5.40000   5.42000

 Columns 273 through 280:

   5.44000   5.46000   5.48000   5.50000   5.52000   5.54000   5.56000   5.58000

 Columns 281 through 288:

   5.60000   5.62000   5.64000   5.66000   5.68000   5.70000   5.72000   5.74000

 Columns 289 through 296:

   5.76000   5.78000   5.80000   5.82000   5.84000   5.86000   5.88000   5.90000

 Columns 297 through 304:

   5.92000   5.94000   5.96000   5.98000   6.00000   6.02000   6.04000   6.06000

 Columns 305 through 312:

   6.08000   6.10000   6.12000   6.14000   6.16000   6.18000   6.20000   6.22000

 Columns 313 through 320:

   6.24000   6.26000   6.28000   6.30000   6.32000   6.34000   6.36000   6.38000

 Columns 321 through 328:

   6.40000   6.42000   6.44000   6.46000   6.48000   6.50000   6.52000   6.54000

 Columns 329 through 336:

   6.56000   6.58000   6.60000   6.62000   6.64000   6.66000   6.68000   6.70000

 Columns 337 through 344:

   6.72000   6.74000   6.76000   6.78000   6.80000   6.82000   6.84000   6.86000

 Columns 345 through 352:

   6.88000   6.90000   6.92000   6.94000   6.96000   6.98000   7.00000   7.02000

 Columns 353 through 360:

   7.04000   7.06000   7.08000   7.10000   7.12000   7.14000   7.16000   7.18000

 Columns 361 through 368:

   7.20000   7.22000   7.24000   7.26000   7.28000   7.30000   7.32000   7.34000

 Columns 369 through 376:

   7.36000   7.38000   7.40000   7.42000   7.44000   7.46000   7.48000   7.50000

 Columns 377 through 384:

   7.52000   7.54000   7.56000   7.58000   7.60000   7.62000   7.64000   7.66000

 Columns 385 through 392:

   7.68000   7.70000   7.72000   7.74000   7.76000   7.78000   7.80000   7.82000

 Columns 393 through 400:

   7.84000   7.86000   7.88000   7.90000   7.92000   7.94000   7.96000   7.98000

 Column 401:

   8.00000

Y2 =

   0.9999833
   0.9998363
   0.9995996
   0.9992735
   0.9988555
   0.9983436
   0.9977362
   0.9970321
   0.9962304
   0.9953306
   0.9943324
   0.9932355
   0.9920399
   0.9907456
   0.9893525
   0.9878607
   0.9862704
   0.9845816
   0.9827945
   0.9809095
   0.9789266
   0.9768462
   0.9746685
   0.9723937
   0.9700219
   0.9675533
   0.9649880
   0.9623265
   0.9595692
   0.9567164
   0.9537685
   0.9507258
   0.9475886
   0.9443569
   0.9410309
   0.9376111
   0.9340980
   0.9304922
   0.9267941
   0.9230041
   0.9191224
   0.9151493
   0.9110848
   0.9069296
   0.9026843
   0.8983496
   0.8939260
   0.8894139
   0.8848138
   0.8801256
   0.8753495
   0.8704865
   0.8655372
   0.8605024
   0.8553827
   0.8501786
   0.8448903
   0.8395180
   0.8340621
   0.8285234
   0.8229028
   0.8172013
   0.8114193
   0.8055574
   0.7996159
   0.7935949
   0.7874950
   0.7813172
   0.7750625
   0.7687317
   0.7623255
   0.7558445
   0.7492889
   0.7426588
   0.7359551
   0.7291788
   0.7223311
   0.7154128
   0.7084246
   0.7013670
   0.6942403
   0.6870447
   0.6797812
   0.6724511
   0.6650554
   0.6575951
   0.6500708
   0.6424831
   0.6348321
   0.6271181
   0.6193426
   0.6115068
   0.6036119
   0.5956587
   0.5876478
   0.5795797
   0.5714542
   0.5632725
   0.5550361
   0.5467464
   0.5384043
   0.5300106
   0.5215656
   0.5130692
   0.5045225
   0.4959270
   0.4872843
   0.4785953
   0.4698609
   0.4610813
   0.4522564
   0.4433873
   0.4344758
   0.4255236
   0.4165314
   0.4075001
   0.3984294
   0.3893194
   0.3801721
   0.3709893
   0.3617723
   0.3525217
   0.3432377
   0.3339196
   0.3245695
   0.3151895
   0.3057809
   0.2963442
   0.2868794
   0.2773858
   0.2678659
   0.2583217
   0.2487544
   0.2391643
   0.2295501
   0.2199130
   0.2102555
   0.2005794
   0.1908851
   0.1811714
   0.1714382
   0.1616885
   0.1519243
   0.1421458
   0.1323515
   0.1225412
   0.1127184
   0.1028847
   0.0930396
   0.0831807
   0.0733100
   0.0634304
   0.0535426
   0.0436441
   0.0337342
   0.0238169
   0.0138934
   0.0039614
  -0.0059812
  -0.0159300
  -0.0258835
  -0.0358449
  -0.0458158
  -0.0557911
  -0.0657704
  -0.0757585
  -0.0857533
  -0.0957505
  -0.1057530
  -0.1157637
  -0.1257760
  -0.1357906
  -0.1458128
  -0.1558350
  -0.1658574
  -0.1758848
  -0.1859086
  -0.1959319
  -0.2059529
  -0.2159696
  -0.2259765
  -0.2359858
  -0.2459772
  -0.2559561
  -0.2659209
  -0.2758693
  -0.2858008
  -0.2957078
  -0.3055871
  -0.3154399
  -0.3252630
  -0.3350525
  -0.3448027
  -0.3545123
  -0.3641809
  -0.3738059
  -0.3833832
  -0.3929083
  -0.4023812
  -0.4118016
  -0.4211680
  -0.4304775
  -0.4397270
  -0.4489167
  -0.4580472
  -0.4671184
  -0.4761292
  -0.4850775
  -0.4939625
  -0.5027855
  -0.5115473
  -0.5202479
  -0.5288867
  -0.5374624
  -0.5459744
  -0.5544237
  -0.5628110
  -0.5711364
  -0.5793992
  -0.5875986
  -0.5957334
  -0.6038035
  -0.6118092
  -0.6197505
  -0.6276270
  -0.6354381
  -0.6431829
  -0.6508602
  -0.6584692
  -0.6660096
  -0.6734812
  -0.6808836
  -0.6882163
  -0.6954785
  -0.7026695
  -0.7097885
  -0.7168345
  -0.7238068
  -0.7307047
  -0.7375279
  -0.7442758
  -0.7509479
  -0.7575437
  -0.7640624
  -0.7705034
  -0.7768661
  -0.7831499
  -0.7893541
  -0.7954782
  -0.8015214
  -0.8074833
  -0.8133632
  -0.8191607
  -0.8248750
  -0.8305057
  -0.8360524
  -0.8415144
  -0.8468912
  -0.8521824
  -0.8573874
  -0.8625058
  -0.8675370
  -0.8724805
  -0.8773360
  -0.8821028
  -0.8867806
  -0.8913688
  -0.8958671
  -0.9002750
  -0.9045921
  -0.9088180
  -0.9129524
  -0.9169948
  -0.9209450
  -0.9248025
  -0.9285669
  -0.9322380
  -0.9358153
  -0.9392982
  -0.9426863
  -0.9459795
  -0.9491776
  -0.9522806
  -0.9552881
  -0.9581996
  -0.9610146
  -0.9637327
  -0.9663540
  -0.9688786
  -0.9713062
  -0.9736360
  -0.9758677
  -0.9780017
  -0.9800379
  -0.9819756
  -0.9838144
  -0.9855549
  -0.9871968
  -0.9887392
  -0.9901828
  -0.9915273
  -0.9927719
  -0.9939176
  -0.9949634
  -0.9959097
  -0.9967562
  -0.9975029
  -0.9981497
  -0.9986967
  -0.9991435
  -0.9994905
  -0.9997375
  -0.9998845
  -0.9999314
  -0.9998784
  -0.9997254
  -0.9994724
  -0.9991195
  -0.9986667
  -0.9981142
  -0.9974620
  -0.9967099
  -0.9958585
  -0.9949075
  -0.9938572
  -0.9927077
  -0.9914591
  -0.9901115
  -0.9886653
  -0.9871200
  -0.9854768
  -0.9837347
  -0.9818948
  -0.9799572
  -0.9779214
  -0.9757885
  -0.9735584
  -0.9712308
  -0.9688069
  -0.9662866
  -0.9636694
  -0.9609566
  -0.9581486
  -0.9552446
  -0.9522453
  -0.9491520
  -0.9459642
  -0.9426816
  -0.9393054
  -0.9358363
  -0.9322744
  -0.9286189
  -0.9248712
  -0.9210321
  -0.9171018
  -0.9130801
  -0.9089671
  -0.9047640
  -0.9004717
  -0.8960904
  -0.8916197
  -0.8870600
  -0.8824124
  -0.8776777
  -0.8728564
  -0.8679487
  -0.8629546
  -0.8578745
  -0.8527095
  -0.8474604
  -0.8421278
  -0.8367121
  -0.8312137
  -0.8256326
  -0.8199695
  -0.8142253
  -0.8084009
  -0.8024969
  -0.7965139
  -0.7904525
  -0.7843132
  -0.7780965
  -0.7718027
  -0.7654327
  -0.7589871
  -0.7524668
  -0.7458726
  -0.7392052
  -0.7324652
  -0.7256533
  -0.7187703
  -0.7118168
  -0.7047935
  -0.6977011
  -0.6905403
  -0.6833118
  -0.6760164
  -0.6686549
  -0.6612280
  -0.6537364
  -0.6461810

y2 =

 Columns 1 through 8:

   0.99998   0.99988   0.99968   0.99938   0.99898   0.99848   0.99788   0.99718

 Columns 9 through 16:

   0.99639   0.99549   0.99449   0.99339   0.99219   0.99090   0.98950   0.98801

 Columns 17 through 24:

   0.98641   0.98472   0.98293   0.98104   0.97906   0.97697   0.97479   0.97251

 Columns 25 through 32:

   0.97013   0.96766   0.96509   0.96242   0.95966   0.95680   0.95384   0.95079

 Columns 33 through 40:

   0.94765   0.94441   0.94107   0.93764   0.93412   0.93050   0.92679   0.92299

 Columns 41 through 48:

   0.91910   0.91511   0.91103   0.90687   0.90261   0.89826   0.89382   0.88929

 Columns 49 through 56:

   0.88467   0.87997   0.87517   0.87029   0.86532   0.86027   0.85512   0.84990

 Columns 57 through 64:

   0.84459   0.83919   0.83371   0.82815   0.82250   0.81677   0.81096   0.80507

 Columns 65 through 72:

   0.79910   0.79304   0.78691   0.78070   0.77442   0.76805   0.76161   0.75509

 Columns 73 through 80:

   0.74850   0.74183   0.73508   0.72827   0.72138   0.71442   0.70739   0.70028

 Columns 81 through 88:

   0.69311   0.68587   0.67855   0.67117   0.66373   0.65622   0.64864   0.64099

 Columns 89 through 96:

   0.63329   0.62552   0.61768   0.60979   0.60183   0.59382   0.58574   0.57761

 Columns 97 through 104:

   0.56941   0.56117   0.55286   0.54450   0.53609   0.52762   0.51910   0.51052

 Columns 105 through 112:

   0.50190   0.49323   0.48450   0.47573   0.46691   0.45804   0.44913   0.44018

 Columns 113 through 120:

   0.43117   0.42213   0.41304   0.40392   0.39475   0.38554   0.37630   0.36701

 Columns 121 through 128:

   0.35769   0.34834   0.33894   0.32952   0.32006   0.31057   0.30105   0.29150

 Columns 129 through 136:

   0.28192   0.27231   0.26268   0.25301   0.24333   0.23362   0.22388   0.21412

 Columns 137 through 144:

   0.20435   0.19455   0.18473   0.17489   0.16504   0.15517   0.14528   0.13538

 Columns 145 through 152:

   0.12546   0.11554   0.10560   0.09565   0.08569   0.07572   0.06575   0.05577

 Columns 153 through 160:

   0.04578   0.03579   0.02579   0.01580   0.00580  -0.00420  -0.01420  -0.02420

 Columns 161 through 168:

  -0.03420  -0.04419  -0.05418  -0.06416  -0.07414  -0.08410  -0.09406  -0.10401

 Columns 169 through 176:

  -0.11396  -0.12388  -0.13380  -0.14370  -0.15359  -0.16347  -0.17332  -0.18316

 Columns 177 through 184:

  -0.19298  -0.20279  -0.21257  -0.22233  -0.23207  -0.24178  -0.25147  -0.26114

 Columns 185 through 192:

  -0.27078  -0.28039  -0.28998  -0.29953  -0.30906  -0.31855  -0.32802  -0.33745

 Columns 193 through 200:

  -0.34684  -0.35620  -0.36553  -0.37482  -0.38407  -0.39329  -0.40246  -0.41159

 Columns 201 through 208:

  -0.42069  -0.42974  -0.43875  -0.44771  -0.45663  -0.46550  -0.47433  -0.48311

 Columns 209 through 216:

  -0.49184  -0.50052  -0.50915  -0.51773  -0.52626  -0.53474  -0.54316  -0.55153

 Columns 217 through 224:

  -0.55985  -0.56810  -0.57631  -0.58445  -0.59253  -0.60056  -0.60852  -0.61643

 Columns 225 through 232:

  -0.62427  -0.63205  -0.63977  -0.64742  -0.65501  -0.66254  -0.66999  -0.67738

 Columns 233 through 240:

  -0.68471  -0.69196  -0.69914  -0.70626  -0.71330  -0.72028  -0.72718  -0.73400

 Columns 241 through 248:

  -0.74076  -0.74744  -0.75404  -0.76058  -0.76703  -0.77341  -0.77971  -0.78593

 Columns 249 through 256:

  -0.79207  -0.79814  -0.80412  -0.81003  -0.81585  -0.82159  -0.82725  -0.83283

 Columns 257 through 264:

  -0.83832  -0.84373  -0.84906  -0.85430  -0.85945  -0.86452  -0.86950  -0.87440

 Columns 265 through 272:

  -0.87921  -0.88393  -0.88856  -0.89310  -0.89756  -0.90192  -0.90619  -0.91038

 Columns 273 through 280:

  -0.91447  -0.91847  -0.92238  -0.92620  -0.92992  -0.93355  -0.93709  -0.94053

 Columns 281 through 288:

  -0.94388  -0.94714  -0.95030  -0.95336  -0.95633  -0.95921  -0.96199  -0.96467

 Columns 289 through 296:

  -0.96726  -0.96975  -0.97214  -0.97443  -0.97663  -0.97873  -0.98073  -0.98264

 Columns 297 through 304:

  -0.98444  -0.98615  -0.98776  -0.98927  -0.99068  -0.99199  -0.99321  -0.99432

 Columns 305 through 312:

  -0.99533  -0.99625  -0.99706  -0.99778  -0.99839  -0.99891  -0.99933  -0.99964

 Columns 313 through 320:

  -0.99986  -0.99997  -0.99999  -0.99991  -0.99972  -0.99944  -0.99905  -0.99857

 Columns 321 through 328:

  -0.99799  -0.99730  -0.99652  -0.99564  -0.99465  -0.99357  -0.99239  -0.99111

 Columns 329 through 336:

  -0.98973  -0.98825  -0.98667  -0.98500  -0.98322  -0.98135  -0.97938  -0.97731

 Columns 337 through 344:

  -0.97514  -0.97288  -0.97052  -0.96806  -0.96550  -0.96285  -0.96010  -0.95726

 Columns 345 through 352:

  -0.95432  -0.95128  -0.94815  -0.94493  -0.94161  -0.93819  -0.93469  -0.93109

 Columns 353 through 360:

  -0.92739  -0.92360  -0.91972  -0.91575  -0.91169  -0.90754  -0.90329  -0.89896

 Columns 361 through 368:

  -0.89453  -0.89002  -0.88541  -0.88072  -0.87594  -0.87107  -0.86612  -0.86108

 Columns 369 through 376:

  -0.85595  -0.85074  -0.84544  -0.84005  -0.83459  -0.82904  -0.82340  -0.81769

 Columns 377 through 384:

  -0.81189  -0.80601  -0.80005  -0.79401  -0.78790  -0.78170  -0.77542  -0.76907

 Columns 385 through 392:

  -0.76264  -0.75613  -0.74955  -0.74289  -0.73616  -0.72936  -0.72248  -0.71553

 Columns 393 through 400:

  -0.70851  -0.70142  -0.69426  -0.68702  -0.67972  -0.67235  -0.66492   0.00000

 Column 401:

   0.00000

