C = 
   2.330056401089
  -0.665648120939
   0.803888146874
   0.313482089482
   0.006096390334
   0.007420888618
  -0.004208537552
  -0.000641467998
   0.000647751601
  -0.022202054108
   0.000014217860
   0.000000851712
  -0.000000522389
   0.000001442103
  -0.000008827769
  -0.000001613632
  -0.000105922410
  -0.000000069511
  -0.000038294471
   0.000145149059
The solve is 
      0.00000      2.00167      0.20006
      0.10042      2.01668      0.40059
      0.20184      2.04174      0.60173
      0.30476      2.07687      0.80378
      0.40969      2.12213      1.00702
      0.51714      2.17760      1.21170
      0.62762      2.24333      1.41808
      0.74165      2.31944      1.62643
      0.85974      2.40601      1.83697
      0.98243      2.50317      2.04994
      1.11024      2.61105      2.26556
      1.24371      2.72978      2.48405
      1.38340      2.85950      2.70561
      1.52985      3.00039      2.93043
      1.68363      3.15260      3.15869
      1.84530      3.31632      3.39057
      2.01545      3.49173      3.62623
      2.19467      3.67901      3.86582
      2.38355      3.87838      4.10949
      2.58272      4.09003      4.35736
      2.79278      4.31417      4.60956
      3.01437      4.55104      4.86619
      3.24812      4.80085      5.12734
      3.49468      5.06385      5.39311
      3.75472      5.34025      5.66355
      4.02892      5.63029      5.93873
      4.31797      5.93422      6.21871
      4.62256      6.25226      6.50351
      4.94341      6.58466      6.79318
      5.28127      6.93165      7.08773
      5.63686      7.29347      7.38719
      6.01094      7.67037      7.69152
      6.40425      8.06261      8.00068
      6.81756      8.47044      8.31463
      7.25166      8.89409      8.63331
      7.70732      9.33381      8.95666
      8.18536      9.78983      9.28458
      8.68659     10.26237      9.61701
      9.21184     10.75166      9.95385
      9.76196     11.25790     10.29500
     10.33781     11.78130     10.64033
     10.94026     12.32207     10.98974
     11.57018     12.88040     11.34309
     12.22848     13.45649     11.70024
     12.91606     14.05051     12.06105
     13.63384     14.66263     12.42545
     14.38273     15.29303     12.79325
     15.16364     15.94188     13.16421
     15.97749     16.60933     13.53807
     16.82521     17.29554     13.91457
     17.70774     18.00062     14.29348
     18.62600     18.72471     14.67455
     19.58094     19.46791     15.05753
     20.57350     20.23032     15.44217
     21.60463     21.01200     15.82823
     22.67529     21.81305     16.21548
     23.78644     22.63350     16.60368
     24.93903     23.47340     16.99259
     26.13404     24.33278     17.38197
     27.37244     25.21166     17.77159
     28.65521     26.11005     18.16123
     29.98332     27.02793     18.55065
     31.35778     27.96528     18.93962
     32.77956     28.92207     19.32792
     34.24966     29.89825     19.71533
     35.76909     30.89377     20.10162
     37.33884     31.90854     20.48657
     38.95994     32.94249     20.86996
     40.63326     33.99566     21.25136
     42.35961     35.06809     21.63025
     44.13997     36.15959     22.00649
     45.97532     37.26996     22.37995
     47.86664     38.39900     22.75050
     49.81485     39.54648     23.11800
     51.82092     40.71223     23.48231
     53.88575     41.89602     23.84330
     56.01027     43.09766     24.20082
     58.19536     44.31695     24.55474
     60.44192     45.55367     24.90491
     62.75082     46.80763     25.25119
     65.12292     48.07862     25.59345
     67.55906     49.36644     25.93152
     70.06007     50.67089     26.26528
     72.62678     51.99175     26.59458
     75.26000     53.32884     26.91926
     77.96052     54.68194     27.23918
     80.72911     56.05085     27.55419
     83.56655     57.43536     27.86414
     86.47359     58.83528     28.16888
     89.45098     60.25041     28.46826
     92.49944     61.68052     28.76212
     95.61968     63.12543     29.05032
     98.81241     64.58493     29.33268
    102.07828     66.05887     29.60898
    105.41800     67.54685     29.87948
    108.83233     69.04848     30.14455
    112.32199     70.56337     30.40453
    115.88771     72.09115     30.65974
    119.53016     73.63149     30.91044
    123.25000     75.18408     31.15688
    127.04790     76.74864     31.39925
    130.92446     78.32492     31.63773
    134.88029     79.91269     31.87245
    138.91598     81.51175     32.10349
    143.03208     83.12193     32.33093
    147.22914     84.74307     32.55480
    151.50766     86.37506     32.77508
    155.86816     88.01781     32.99173
    160.31110     89.67125     33.20467
    164.83694     91.33533     33.41379
    169.44612     93.01006     33.61895
    174.13904     94.69543     33.81995
    178.91608     96.39157     34.01636
    183.77772     98.09853     34.20784
    188.72460     99.81582     34.39557
    193.75735    101.54297     34.58071
    198.87658    103.27958     34.76428
    204.08287    105.02531     34.94716
    209.37678    106.77990     35.13013
    214.75884    108.54314     35.31379
    220.22958    110.31490     35.49865
    225.78947    112.09511     35.68508
    231.43899    113.88377     35.87329
    237.17856    115.68094     36.06339
    243.00862    117.48676     36.25534
    248.92955    119.30141     36.44898
    254.94172    121.12517     36.64400
    261.04547    122.95836     36.83999
    267.24113    124.80138     37.03637
    273.52900    126.65470     37.23245
    279.90934    128.51885     37.42741
    286.38241    130.39439     37.62031
    292.94891    132.28112     37.81197
    299.60962    134.17846     38.00440
    306.36522    136.08610     38.19913
    313.21635    138.00381     38.39747
    320.16365    139.93147     38.60051
    327.20773    141.86902     38.80912
    334.34918    143.81649     39.02393
    341.58858    145.77402     39.24537
    348.92648    147.74181     39.47363
    356.36343    149.72015     39.70870
    363.89993    151.70944     39.95033
    371.53651    153.71013     40.19804
    379.27362    155.72280     40.45114
    387.11175    157.74807     40.70873
    395.05133    159.78668     40.96966
    403.09279    161.83945     41.23258
    411.23658    163.90719     41.49608
    419.48363    165.98953     41.76184
    427.83489    168.08605     42.03200
    436.29119    170.19661     42.30793
    444.85336    172.32121     42.59071
    453.52219    174.45988     42.88119
    462.29849    176.61277     43.17993
    471.18303    178.78009     43.48721
    480.17658    180.96215     43.80308
    489.27991    183.15932     44.12727
    498.49376    185.37209     44.45929
    507.81885    187.60100     44.79834
    517.25591    189.84668     45.14338
    526.80565    192.10985     45.49310
    536.46876    194.39133     45.84590
    546.24594    196.69194     46.20004
    556.13826    199.01143     46.55690
    566.14685    201.34945     46.91841
    576.27273    203.70597     47.28548
    586.51689    206.08103     47.65883
    596.88033    208.47471     48.03891
    607.36405    210.88717     48.42596
    617.96904    213.31862     48.81998
    628.69626    215.76930     49.22071
    639.54668    218.23955     49.62770
    650.52128    220.72973     50.04023
    661.62099    223.24029     50.45736
    672.84678    225.77169     50.87792
    684.19957    228.32450     51.30049
    695.68030    230.89930     51.72343
    707.29011    233.49599     52.14746
    719.03030    236.11386     52.57521
    730.90195    238.75313     53.00616
    742.90611    241.41399     53.43980
    755.04386    244.09660     53.87566
    767.31629    246.80111     54.31332
    779.72446    249.52763     54.75240
    792.26949    252.27624     55.19258
    804.95247    255.04700     55.63354
    817.77450    257.83993     56.07505
    830.73669    260.65504     56.51690
    843.84017    263.49231     56.95891
    857.08606    266.35167     57.40097
    870.47549    269.23305     57.84300
    884.00961    272.13632     58.28502
    897.68972    275.06056     58.73017
    911.51688    278.00590     59.17735
    925.49199    280.97303     59.62331
    939.61601    283.96244     60.06549
    953.88991    286.97442     60.50200
    968.31472    290.00909     60.93166
    982.89150    293.06635     61.35396
    997.62135    296.14594     61.76909
   1012.50540    299.24740     62.17792
   1027.54482    302.37006     62.58201
   1042.74083    305.51308     62.98361
   1058.09466    308.67542     63.38566
   1073.60760    311.85587     63.79178
   1089.28078    315.05363     64.20401
   1105.11485    318.26984     64.61687
   1121.11044    321.50570     65.02454
   1137.26825    324.76206     65.42259
   1153.58908    328.03935     65.80804
   1170.07378    331.33768     66.17932
   1186.72329    334.65674     66.53629
   1203.53863    337.99585     66.88026
   1220.52088    341.35399     67.21393
   1237.67121    344.72972     67.54145
   1254.99086    348.12125     67.86840
   1272.48113    351.52641     68.20178
   1290.14306    354.94418     68.54400
   1307.97677    358.37698     68.88458
   1325.98270    361.82592     69.21827
   1344.16141    365.29170     69.54145
   1362.51351    368.77461     69.85191
   1381.03971    372.27455     70.14881
   1399.74080    375.79106     70.43276
   1418.61766    379.32324     70.70574
   1437.67123    382.86984     70.97116
   1456.90256    386.42919     71.23382
   1476.31278    389.99926     71.49992
   1495.90256    393.57972     71.76919
   1515.67202    397.17224     72.03500
   1535.62149    400.77770     72.29399
   1555.75138    404.39660     72.54391
   1576.06218    408.02909     72.78363
   1596.55449    411.67493     73.01316
   1617.22898    415.33356     73.23361
   1638.08641    419.00402     73.44724
   1659.12765    422.68500     73.65741
   1680.35363    426.37483     73.86861
   1701.76507    430.07267     74.08238
   1723.36206    433.77986     74.29447
   1745.14475    437.49733     74.50280
   1767.11341    441.22569     74.70600
   1789.26839    444.96521     74.90335
   1811.61017    448.71587     75.09480
   1834.13930    452.47730     75.28099
   1856.85645    456.24880     75.46321
   1879.76240    460.02937     75.64345
   1902.85799    463.81767     75.82436
   1926.14399    467.61280     76.00702
   1949.62045    471.41589     76.18943
   1973.28743    475.22785     76.37173
   1997.14508    479.04937     76.55404
   2021.19368    482.88090     76.73646
   2045.43363    486.72263     76.91901
   2069.86542    490.57451     77.10169
   2094.48967    494.43626     77.28444
   2119.30710    498.30735     77.46716
   2144.31855    502.18700     77.64968
   2169.52495    506.07429     77.83141
   2194.92680    509.96948     78.01027
   2220.52406    513.87338     78.19003
   2246.31678    517.78661     78.37457
   2272.30511    521.70973     78.56661
   2298.48936    525.64317     78.76769
   2324.86995    529.58729     78.97820
   2351.44740    533.54236     79.19734
   2378.22240    537.50856     79.42318
   2405.19573    541.48596     79.65259
   2432.36830    545.47455     79.88129
   2459.74116    549.47423     80.10382
   2487.31528    553.48506     80.31484
   2515.09088    557.50737     80.51922
   2543.06810    561.54087     80.72618
   2571.24719    565.58541     80.94292
   2599.62849    569.64103     81.17455
   2628.21244    573.70793     81.42415
   2656.99958    577.78649     81.69267
   2685.99054    581.87728     81.97902
   2715.18605    585.98102     82.28003
   2744.58692    590.09863     82.59043
   2774.19408    594.23121     82.90292
   2804.00855    598.38001     83.20809
   2834.03143    602.54641     83.49500
   2864.26341    606.72942     83.77187
   2894.70500    610.92750     84.05034
   2925.35682    615.14002     84.33514
   2956.21952    619.36662     84.62976
   2987.29380    623.60724     84.93640
   3018.58038    627.86207     85.25601
   3050.08002    632.13158     85.58827
   3081.79352    636.41653     85.93160
   3113.72173    640.71793     86.28312
   3145.86550    645.03708     86.63874
   3178.22574    649.37556     86.99305
   3210.80340    653.73437     87.34350
   3243.59942    658.11207     87.69671
   3276.61475    662.50793     88.05400
   3309.85029    666.92150     88.41614
   3343.30696    671.35254     88.78364
   3376.98568    675.80106     89.15677
   3410.88736    680.26727     89.53553
   3445.01291    684.75161     89.91967
   3479.36322    689.25476     90.30869
   3513.93919    693.77759     90.70185
   3548.74173    698.32123     91.09813
   3583.77174    702.88651     91.49840
   3619.03032    707.47281     91.90443
   3654.51865    712.07966     92.31352
   3690.23787    716.70670     92.72344
   3726.18906    721.35368     93.13256
   3762.37328    726.02043     93.53981
   3798.79155    730.70689     93.94474
   3835.44484    735.41310     94.34746
   3872.33409    740.13920     94.74866
   3909.46018    744.88542     95.14964
   3946.82398    749.65211     95.55226
   3984.42628    754.43962     95.95911
   4022.26796    759.24736     96.37318
   4060.35026    764.07545     96.79185
   4098.67449    768.92433     97.21161
   4137.24186    773.79426     97.62950
   4176.05352    778.68533     98.04307
   4215.11059    783.59750     98.45043
   4254.41409    788.53055     98.85020
   4293.96499    793.48408     99.24158
   4333.76422    798.45755     99.62426
   4373.81261    803.45025     99.99849
   4414.11096    808.46132    100.36507
   4454.65999    813.48971    100.72532
   4495.46039    818.53405    101.07753
   4536.51310    823.59390    101.41708
   4577.81919    828.67014    101.74697
   4619.37964    833.76330    102.06909
   4661.19538    838.87357    102.38390
   4703.26729    844.00076    102.69043
   4745.59614    849.14429    102.98630
   4788.18266    854.30325    103.26770
   4831.02750    859.47633    103.52939
   4874.13125    864.66186    103.76471
   4917.49443    869.85780    103.96557
   4961.11749    875.06175    104.12245
   5005.00077    880.27070    104.22063
   5049.14438    885.48043    104.21856
   5093.54881    890.69128    104.13953
   5138.21408    895.89963    103.97133
   5183.13953    901.09588    103.63870
   5228.32379    906.26450    103.00335
   5273.76482    911.38402    101.86388
   5319.45989    916.42699     99.95588
   5365.40495    921.35229     96.82731
   5411.59207    926.07946     91.60705
   5458.00689    930.44123     81.93102
   5504.62461    934.10437     61.98342
   5551.39126    936.13891      9.25606
   5598.13827    930.61857   -517.51756
y =

 Columns 1 through 6:

      0.00000      0.10008      0.20067      0.30225      0.40534      0.51043

 Columns 7 through 12:

      0.61804      0.72867      0.84284      0.96106      1.08385      1.21175

 Columns 13 through 18:

      1.34528      1.48500      1.63144      1.78515      1.94671      2.11669

 Columns 19 through 24:

      2.29565      2.48421      2.68294      2.89247      3.11341      3.34640

 Columns 25 through 30:

      3.59208      3.85109      4.12412      4.41182      4.71490      5.03405

 Columns 31 through 36:

      5.36999      5.72344      6.09515      6.48586      6.89633      7.32735

 Columns 37 through 42:

      7.77970      8.25418      8.75160      9.27279      9.81859     10.38985

 Columns 43 through 48:

     10.98742     11.61217     12.26499     12.94677     13.65841     14.40082

 Columns 49 through 54:

     15.17493     15.98165     16.82194     17.69674     18.60700     19.55369

 Columns 55 through 60:

     20.53776     21.56020     22.62198     23.72408     24.86750     26.05322

 Columns 61 through 66:

     27.28224     28.55555     29.87416     31.23906     32.65125     34.11173

 Columns 67 through 72:

     35.62151     37.18157     38.79292     40.45654     42.17343     43.94458

 Columns 73 through 78:

     45.77096     47.65355     49.59333     51.59125     53.64828     55.76537

 Columns 79 through 84:

     57.94347     60.18350     62.48640     64.85307     67.28445     69.78141

 Columns 85 through 90:

     72.34485     74.97565     77.67467     80.44277     83.28080     86.18958

 Columns 91 through 96:

     89.16994     92.22269     95.34862     98.54852    101.82315    105.17329

 Columns 97 through 102:

    108.59967    112.10303    115.68409    119.34357    123.08215    126.90053

 Columns 103 through 108:

    130.79937    134.77934    138.84109    142.98526    147.21247    151.52333

 Columns 109 through 114:

    155.91847    160.39847    164.96392    169.61540    174.35347    179.17869

 Columns 115 through 120:

    184.09163    189.09282    194.18280    199.36210    204.63125    209.99077

 Columns 121 through 126:

    215.44117    220.98297    226.61667    232.34279    238.16182    244.07427

 Columns 127 through 132:

    250.08063    256.18140    262.37710    268.66821    275.05524    281.53870

 Columns 133 through 138:

    288.11908    294.79691    301.57270    308.44696    315.42023    322.49302

 Columns 139 through 144:

    329.66588    336.93935    344.31397    351.79031    359.36894    367.05042

 Columns 145 through 150:

    374.83534    382.72429    390.71787    398.81671    407.02142    415.33263

 Columns 151 through 156:

    423.75100    432.27718    440.91184    449.65566    458.50934    467.47357

 Columns 157 through 162:

    476.54909    485.73661    495.03688    504.45066    513.97872    523.62182

 Columns 163 through 168:

    533.38078    543.25639    553.24946    563.36083    573.59134    583.94184

 Columns 169 through 174:

    594.41320    605.00628    615.72197    626.56118    637.52479    648.61374

 Columns 175 through 180:

    659.82894    671.17132    682.64183    694.24142    705.97104    717.83166

 Columns 181 through 186:

    729.82424    741.94976    754.20920    766.60354    779.13378    791.80090

 Columns 187 through 192:

    804.60591    817.54979    830.63355    843.85819    857.22470    870.73408

 Columns 193 through 198:

    884.38735    898.18548    912.12948    926.22034    940.45904    954.84658

 Columns 199 through 204:

    969.38393    984.07206    998.91196   1013.90457   1029.05086   1044.35177

 Columns 205 through 210:

   1059.80825   1075.42123   1091.19163   1107.12037   1123.20835   1139.45647

 Columns 211 through 216:

   1155.86561   1172.43665   1189.17045   1206.06786   1223.12973   1240.35688

 Columns 217 through 222:

   1257.75013   1275.31028   1293.03813   1310.93445   1329.00002   1347.23559

 Columns 223 through 228:

   1365.64189   1384.21967   1402.96964   1421.89251   1440.98896   1460.25968

 Columns 229 through 234:

   1479.70534   1499.32660   1519.12410   1539.09847   1559.25034   1579.58033

 Columns 235 through 240:

   1600.08903   1620.77705   1641.64495   1662.69332   1683.92273   1705.33372

 Columns 241 through 246:

   1726.92685   1748.70267   1770.66171   1792.80449   1815.13154   1837.64339

 Columns 247 through 252:

   1860.34054   1883.22350   1906.29279   1929.54891   1952.99236   1976.62364

 Columns 253 through 258:

   2000.44325   2024.45169   2048.64946   2073.03707   2097.61502   2122.38381

 Columns 259 through 264:

   2147.34395   2172.49595   2197.84033   2223.37762   2249.10832   2275.03299

 Columns 265 through 270:

   2301.15215   2327.46635   2353.97614   2380.68208   2407.58475   2434.68472

 Columns 271 through 276:

   2461.98257   2489.47890   2517.17432   2545.06945   2573.16491   2601.46134

 Columns 277 through 282:

   2629.95939   2658.65973   2687.56302   2716.66995   2745.98121   2775.49753

 Columns 283 through 288:

   2805.21962   2835.14821   2865.28405   2895.62791   2926.18054   2956.94275

 Columns 289 through 294:

   2987.91532   3019.09906   3050.49479   3082.10335   3113.92558   3145.96234

 Columns 295 through 300:

   3178.21449   3210.68292   3243.36850   3276.27215   3309.39476   3342.73726

 Columns 301 through 306:

   3376.30058   3410.08564   3444.09339   3478.32479   3512.78080   3547.46237

 Columns 307 through 312:

   3582.37048   3617.50611   3652.87024   3688.46385   3724.28793   3760.34349

 Columns 313 through 318:

   3796.63151   3833.15299   3869.90893   3906.90033   3944.12819   3981.59351

 Columns 319 through 324:

   4019.29728   4057.24051   4095.42419   4133.84931   4172.51686   4211.42781

 Columns 325 through 330:

   4250.58316   4289.98386   4329.63090   4369.52522   4409.66779   4450.05954

 Columns 331 through 336:

   4490.70143   4531.59437   4572.73930   4614.13711   4655.78872   4697.69501

 Columns 337 through 342:

   4739.85687   4782.27516   4824.95075   4867.88449   4911.07721   4954.52973

 Columns 343 through 348:

   4998.24287   5042.21743   5086.45420   5130.95395   5175.71745   5220.74545

 Columns 349 through 354:

   5266.03868   5311.59788   5357.42375   5403.51700   5449.87831   5496.50837

 Columns 355 and 356:

   5543.40784   5590.57736

x =

 Columns 1 through 7:

    0.00000    0.05000    0.10000    0.15000    0.20000    0.25000    0.30000

 Columns 8 through 14:

    0.35000    0.40000    0.45000    0.50000    0.55000    0.60000    0.65000

 Columns 15 through 21:

    0.70000    0.75000    0.80000    0.85000    0.90000    0.95000    1.00000

 Columns 22 through 28:

    1.05000    1.10000    1.15000    1.20000    1.25000    1.30000    1.35000

 Columns 29 through 35:

    1.40000    1.45000    1.50000    1.55000    1.60000    1.65000    1.70000

 Columns 36 through 42:

    1.75000    1.80000    1.85000    1.90000    1.95000    2.00000    2.05000

 Columns 43 through 49:

    2.10000    2.15000    2.20000    2.25000    2.30000    2.35000    2.40000

 Columns 50 through 56:

    2.45000    2.50000    2.55000    2.60000    2.65000    2.70000    2.75000

 Columns 57 through 63:

    2.80000    2.85000    2.90000    2.95000    3.00000    3.05000    3.10000

 Columns 64 through 70:

    3.15000    3.20000    3.25000    3.30000    3.35000    3.40000    3.45000

 Columns 71 through 77:

    3.50000    3.55000    3.60000    3.65000    3.70000    3.75000    3.80000

 Columns 78 through 84:

    3.85000    3.90000    3.95000    4.00000    4.05000    4.10000    4.15000

 Columns 85 through 91:

    4.20000    4.25000    4.30000    4.35000    4.40000    4.45000    4.50000

 Columns 92 through 98:

    4.55000    4.60000    4.65000    4.70000    4.75000    4.80000    4.85000

 Columns 99 through 105:

    4.90000    4.95000    5.00000    5.05000    5.10000    5.15000    5.20000

 Columns 106 through 112:

    5.25000    5.30000    5.35000    5.40000    5.45000    5.50000    5.55000

 Columns 113 through 119:

    5.60000    5.65000    5.70000    5.75000    5.80000    5.85000    5.90000

 Columns 120 through 126:

    5.95000    6.00000    6.05000    6.10000    6.15000    6.20000    6.25000

 Columns 127 through 133:

    6.30000    6.35000    6.40000    6.45000    6.50000    6.55000    6.60000

 Columns 134 through 140:

    6.65000    6.70000    6.75000    6.80000    6.85000    6.90000    6.95000

 Columns 141 through 147:

    7.00000    7.05000    7.10000    7.15000    7.20000    7.25000    7.30000

 Columns 148 through 154:

    7.35000    7.40000    7.45000    7.50000    7.55000    7.60000    7.65000

 Columns 155 through 161:

    7.70000    7.75000    7.80000    7.85000    7.90000    7.95000    8.00000

 Columns 162 through 168:

    8.05000    8.10000    8.15000    8.20000    8.25000    8.30000    8.35000

 Columns 169 through 175:

    8.40000    8.45000    8.50000    8.55000    8.60000    8.65000    8.70000

 Columns 176 through 182:

    8.75000    8.80000    8.85000    8.90000    8.95000    9.00000    9.05000

 Columns 183 through 189:

    9.10000    9.15000    9.20000    9.25000    9.30000    9.35000    9.40000

 Columns 190 through 196:

    9.45000    9.50000    9.55000    9.60000    9.65000    9.70000    9.75000

 Columns 197 through 203:

    9.80000    9.85000    9.90000    9.95000   10.00000   10.05000   10.10000

 Columns 204 through 210:

   10.15000   10.20000   10.25000   10.30000   10.35000   10.40000   10.45000

 Columns 211 through 217:

   10.50000   10.55000   10.60000   10.65000   10.70000   10.75000   10.80000

 Columns 218 through 224:

   10.85000   10.90000   10.95000   11.00000   11.05000   11.10000   11.15000

 Columns 225 through 231:

   11.20000   11.25000   11.30000   11.35000   11.40000   11.45000   11.50000

 Columns 232 through 238:

   11.55000   11.60000   11.65000   11.70000   11.75000   11.80000   11.85000

 Columns 239 through 245:

   11.90000   11.95000   12.00000   12.05000   12.10000   12.15000   12.20000

 Columns 246 through 252:

   12.25000   12.30000   12.35000   12.40000   12.45000   12.50000   12.55000

 Columns 253 through 259:

   12.60000   12.65000   12.70000   12.75000   12.80000   12.85000   12.90000

 Columns 260 through 266:

   12.95000   13.00000   13.05000   13.10000   13.15000   13.20000   13.25000

 Columns 267 through 273:

   13.30000   13.35000   13.40000   13.45000   13.50000   13.55000   13.60000

 Columns 274 through 280:

   13.65000   13.70000   13.75000   13.80000   13.85000   13.90000   13.95000

 Columns 281 through 287:

   14.00000   14.05000   14.10000   14.15000   14.20000   14.25000   14.30000

 Columns 288 through 294:

   14.35000   14.40000   14.45000   14.50000   14.55000   14.60000   14.65000

 Columns 295 through 301:

   14.70000   14.75000   14.80000   14.85000   14.90000   14.95000   15.00000

 Columns 302 through 308:

   15.05000   15.10000   15.15000   15.20000   15.25000   15.30000   15.35000

 Columns 309 through 315:

   15.40000   15.45000   15.50000   15.55000   15.60000   15.65000   15.70000

 Columns 316 through 322:

   15.75000   15.80000   15.85000   15.90000   15.95000   16.00000   16.05000

 Columns 323 through 329:

   16.10000   16.15000   16.20000   16.25000   16.30000   16.35000   16.40000

 Columns 330 through 336:

   16.45000   16.50000   16.55000   16.60000   16.65000   16.70000   16.75000

 Columns 337 through 343:

   16.80000   16.85000   16.90000   16.95000   17.00000   17.05000   17.10000

 Columns 344 through 350:

   17.15000   17.20000   17.25000   17.30000   17.35000   17.40000   17.45000

 Columns 351 through 356:

   17.50000   17.55000   17.60000   17.65000   17.70000   17.75000

Y2 =

     2.0017
     2.0167
     2.0417
     2.0769
     2.1221
     2.1776
     2.2433
     2.3194
     2.4060
     2.5032
     2.6110
     2.7298
     2.8595
     3.0004
     3.1526
     3.3163
     3.4917
     3.6790
     3.8784
     4.0900
     4.3142
     4.5510
     4.8009
     5.0638
     5.3402
     5.6303
     5.9342
     6.2523
     6.5847
     6.9316
     7.2935
     7.6704
     8.0626
     8.4704
     8.8941
     9.3338
     9.7898
    10.2624
    10.7517
    11.2579
    11.7813
    12.3221
    12.8804
    13.4565
    14.0505
    14.6626
    15.2930
    15.9419
    16.6093
    17.2955
    18.0006
    18.7247
    19.4679
    20.2303
    21.0120
    21.8130
    22.6335
    23.4734
    24.3328
    25.2117
    26.1100
    27.0279
    27.9653
    28.9221
    29.8983
    30.8938
    31.9085
    32.9425
    33.9957
    35.0681
    36.1596
    37.2700
    38.3990
    39.5465
    40.7122
    41.8960
    43.0977
    44.3169
    45.5537
    46.8076
    48.0786
    49.3664
    50.6709
    51.9918
    53.3288
    54.6819
    56.0508
    57.4354
    58.8353
    60.2504
    61.6805
    63.1254
    64.5849
    66.0589
    67.5469
    69.0485
    70.5634
    72.0911
    73.6315
    75.1841
    76.7486
    78.3249
    79.9127
    81.5118
    83.1219
    84.7431
    86.3751
    88.0178
    89.6712
    91.3353
    93.0101
    94.6954
    96.3916
    98.0985
    99.8158
   101.5430
   103.2796
   105.0253
   106.7799
   108.5431
   110.3149
   112.0951
   113.8838
   115.6809
   117.4868
   119.3014
   121.1252
   122.9584
   124.8014
   126.6547
   128.5188
   130.3944
   132.2811
   134.1785
   136.0861
   138.0038
   139.9315
   141.8690
   143.8165
   145.7740
   147.7418
   149.7202
   151.7094
   153.7101
   155.7228
   157.7481
   159.7867
   161.8394
   163.9072
   165.9895
   168.0860
   170.1966
   172.3212
   174.4599
   176.6128
   178.7801
   180.9621
   183.1593
   185.3721
   187.6010
   189.8467
   192.1099
   194.3913
   196.6919
   199.0114
   201.3495
   203.7060
   206.0810
   208.4747
   210.8872
   213.3186
   215.7693
   218.2396
   220.7297
   223.2403
   225.7717
   228.3245
   230.8993
   233.4960
   236.1139
   238.7531
   241.4140
   244.0966
   246.8011
   249.5276
   252.2762
   255.0470
   257.8399
   260.6550
   263.4923
   266.3517
   269.2331
   272.1363
   275.0606
   278.0059
   280.9730
   283.9624
   286.9744
   290.0091
   293.0664
   296.1459
   299.2474
   302.3701
   305.5131
   308.6754
   311.8559
   315.0536
   318.2698
   321.5057
   324.7621
   328.0394
   331.3377
   334.6567
   337.9959
   341.3540
   344.7297
   348.1212
   351.5264
   354.9442
   358.3770
   361.8259
   365.2917
   368.7746
   372.2746
   375.7911
   379.3232
   382.8698
   386.4292
   389.9993
   393.5797
   397.1722
   400.7777
   404.3966
   408.0291
   411.6749
   415.3336
   419.0040
   422.6850
   426.3748
   430.0727
   433.7799
   437.4973
   441.2257
   444.9652
   448.7159
   452.4773
   456.2488
   460.0294
   463.8177
   467.6128
   471.4159
   475.2278
   479.0494
   482.8809
   486.7226
   490.5745
   494.4363
   498.3073
   502.1870
   506.0743
   509.9695
   513.8734
   517.7866
   521.7097
   525.6432
   529.5873
   533.5424
   537.5086
   541.4860
   545.4745
   549.4742
   553.4851
   557.5074
   561.5409
   565.5854
   569.6410
   573.7079
   577.7865
   581.8773
   585.9810
   590.0986
   594.2312
   598.3800
   602.5464
   606.7294
   610.9275
   615.1400
   619.3666
   623.6072
   627.8621
   632.1316
   636.4165
   640.7179
   645.0371
   649.3756
   653.7344
   658.1121
   662.5079
   666.9215
   671.3525
   675.8011
   680.2673
   684.7516
   689.2548
   693.7776
   698.3212
   702.8865
   707.4728
   712.0797
   716.7067
   721.3537
   726.0204
   730.7069
   735.4131
   740.1392
   744.8854
   749.6521
   754.4396
   759.2474
   764.0755
   768.9243
   773.7943
   778.6853
   783.5975
   788.5305
   793.4841
   798.4575
   803.4503
   808.4613
   813.4897
   818.5341
   823.5939
   828.6701
   833.7633
   838.8736
   844.0008
   849.1443
   854.3033
   859.4763
   864.6619
   869.8578
   875.0618
   880.2707
   885.4804
   890.6913
   895.8996
   901.0959
   906.2645
   911.3840
   916.4270
   921.3523
   926.0795
   930.4412
   934.1044
   936.1389
   930.6186

y2 =

 Columns 1 through 7:

     2.0017     2.0117     2.0317     2.0617     2.1019     2.1521     2.2126

 Columns 8 through 14:

     2.2833     2.3644     2.4559     2.5580     2.6707     2.7943     2.9288

 Columns 15 through 21:

     3.0743     3.2312     3.3995     3.5794     3.7710     3.9747     4.1906

 Columns 22 through 28:

     4.4189     4.6598     4.9135     5.1803     5.4604     5.7541     6.0616

 Columns 29 through 35:

     6.3830     6.7188     7.0691     7.4341     7.8142     8.2095     8.6203

 Columns 36 through 42:

     9.0470     9.4896     9.9485    10.4239    10.9160    11.4251    11.9514

 Columns 43 through 49:

    12.4951    13.0564    13.6356    14.2328    14.8482    15.4821    16.1346

 Columns 50 through 56:

    16.8058    17.4960    18.2052    18.9337    19.6815    20.4487    21.2356

 Columns 57 through 63:

    22.0421    22.8684    23.7144    24.5804    25.4663    26.3721    27.2980

 Columns 64 through 70:

    28.2438    29.2097    30.1955    31.2012    32.2269    33.2725    34.3378

 Columns 71 through 77:

    35.4229    36.5276    37.6519    38.7955    39.9585    41.1406    42.3418

 Columns 78 through 84:

    43.5619    44.8006    46.0579    47.3336    48.6274    49.9392    51.2688

 Columns 85 through 91:

    52.6160    53.9804    55.3620    56.7605    58.1757    59.6072    61.0550

 Columns 92 through 98:

    62.5186    63.9980    65.4927    67.0027    68.5276    70.0672    71.6213

 Columns 99 through 105:

    73.1895    74.7717    76.3675    77.9769    79.5994    81.2350    82.8833

 Columns 106 through 112:

    84.5442    86.2174    87.9027    89.6000    91.3090    93.0295    94.7614

 Columns 113 through 119:

    96.5045    98.2587   100.0238   101.7996   103.5860   105.3830   107.1904

 Columns 120 through 126:

   109.0081   110.8360   112.6741   114.5223   116.3806   118.2489   120.1272

 Columns 127 through 133:

   122.0155   123.9139   125.8222   127.7406   129.6691   131.6077   133.5566

 Columns 134 through 140:

   135.5157   137.4853   139.4653   141.4559   143.4572   145.4694   147.4925

 Columns 141 through 147:

   149.5268   151.5725   153.6296   155.6984   157.7790   159.8717   161.9767

 Columns 148 through 154:

   164.0942   166.2243   168.3674   170.5236   172.6932   174.8764   177.0735

 Columns 155 through 161:

   179.2847   181.5103   183.7504   186.0055   188.2756   190.5611   192.8622

 Columns 162 through 168:

   195.1791   197.5121   199.8615   202.2274   204.6102   207.0100   209.4271

 Columns 169 through 175:

   211.8616   214.3139   216.7841   219.2723   221.7789   224.3040   226.8477

 Columns 176 through 182:

   229.4102   231.9918   234.5924   237.2123   239.8516   242.5104   245.1888

 Columns 183 through 189:

   247.8869   250.6048   253.3425   256.1001   258.8777   261.6752   264.4927

 Columns 190 through 196:

   267.3302   270.1877   273.0652   275.9627   278.8800   281.8172   284.7741

 Columns 197 through 203:

   287.7507   290.7470   293.7627   296.7979   299.8523   302.9258   306.0183

 Columns 204 through 210:

   309.1296   312.2596   315.4080   318.5748   321.7596   324.9624   328.1828

 Columns 211 through 217:

   331.4208   334.6760   337.9483   341.2373   344.5430   347.8650   351.2030

 Columns 218 through 224:

   354.5570   357.9265   361.3114   364.7113   368.1262   371.5556   374.9994

 Columns 225 through 231:

   378.4573   381.9290   385.4144   388.9132   392.4251   395.9499   399.4875

 Columns 232 through 238:

   403.0375   406.5997   410.1741   413.7602   417.3581   420.9674   424.5881

 Columns 239 through 245:

   428.2199   431.8627   435.5163   439.1807   442.8556   446.5411   450.2369

 Columns 246 through 252:

   453.9430   457.6593   461.3858   465.1223   468.8689   472.6256   476.3922

 Columns 253 through 259:

   480.1689   483.9555   487.7522   491.5589   495.3758   499.2028   503.0401

 Columns 260 through 266:

   506.8876   510.7456   514.6141   518.4933   522.3832   526.2840   530.1959

 Columns 267 through 273:

   534.1189   538.0533   541.9993   545.9570   549.9267   553.9084   557.9025

 Columns 274 through 280:

   561.9092   565.9286   569.9610   574.0067   578.0658   582.1386   586.2254

 Columns 281 through 287:

   590.3263   594.4417   598.5718   602.7169   606.8771   611.0527   615.2441

 Columns 288 through 294:

   619.4514   623.6748   627.9147   632.1712   636.4446   640.7352   645.0431

 Columns 295 through 301:

   649.3685   653.7117   658.0729   662.4523   666.8500   671.2663   675.7012

 Columns 302 through 308:

   680.1551   684.6280   689.1201   693.6314   698.1622   702.7126   707.2825

 Columns 309 through 315:

   711.8722   716.4817   721.1111   725.7604   730.4296   735.1188   739.8280

 Columns 316 through 322:

   744.5572   749.3064   754.0755   758.8646   763.6736   768.5024   773.3509

 Columns 323 through 329:

   778.2191   783.1069   788.0141   792.9407   797.8865   802.8513   807.8351

 Columns 330 through 336:

   812.8377   817.8589   822.8985   827.9563   833.0321   838.1258   843.2372

 Columns 337 through 343:

   848.3659   853.5118   858.6747   863.8543   869.0505   874.2628   879.4912

 Columns 344 through 350:

   884.7354   889.9950   895.2700   900.5599   905.8647   911.1839   916.5174

 Columns 351 through 356:

   921.8650   927.2263   932.6012   937.9893   943.3906   948.8046

